20
0 36 10.0 10.0 10.0 98 31 2,3,0
8 305 10.0 10.0 10.0 56 60 9
70 595 10.0 10.0 10.0 38 100 7
72 1016 10.0 10.0 10.0 45 80 3
80 27 10.0 10.0 10.0 80 37 5,9,8
81 117 10.0 10.0 10.0 76 1 1
109 593 10.0 10.0 10.0 43 41 8
148 38 10.0 10.0 10.0 28 43 7,0,5
152 267 10.0 10.0 10.0 26 89 3,8
186 47 10.0 10.0 10.0 99 71 4
249 261 10.0 10.0 10.0 23 91 2
269 839 10.0 10.0 10.0 77 99 4,7,6
294 1026 10.0 10.0 10.0 21 57 9
301 205 10.0 10.0 10.0 39 2 3,8
317 235 10.0 10.0 10.0 91 30 4,1,4
325 751 10.0 10.0 10.0 30 36 7
331 297 10.0 10.0 10.0 1 11 5,9
337 947 10.0 10.0 10.0 18 24 5
345 1173 10.0 10.0 10.0 19 93 5,7,2
350 760 10.0 10.0 10.0 26 27 4,5
