100 100 100 100 100 100 100 100 100 100
104
40 100 0.0
17 100 0.0 [3]
33 100 0.0
46 100 0.0 [8,7]
65 100 0.0
75 100 0.0
3 100 0.0
9 100 0.0
15 100 0.0 [3]
32 100 0.0
20 100 0.0 [8]
29 100 0.0 [2]
35 100 0.0
49 100 0.0
54 100 0.0 [0,8,5]
62 100 0.0
67 100 0.0
68 100 0.0
69 100 0.0 [2]
74 100 0.0 [4]
79 100 0.0
86 100 0.0
81 100 0.0 [7]
83 100 0.0 [5]
84 100 0.0
85 100 0.0
101 100 0.0 [0]
87 100 0.0 [4]
94 100 0.0
0 100 0.0
4 100 0.0 [8]
1 100 0.0 [5]
2 100 0.0 [1]
8 100 0.0
6 100 0.0
5 100 0.0
19 100 0.0
11 100 0.0
7 100 0.0
12 100 0.0 [5]
13 100 0.0
10 100 0.0
16 100 0.0
14 100 0.0
22 100 0.0
24 100 0.0
18 100 0.0
23 100 0.0
28 100 0.0
25 100 0.0
21 100 0.0
26 100 0.0 [3]
30 100 0.0
31 100 0.0 [8,3]
37 100 0.0 [7]
41 100 0.0
43 100 0.0
34 100 0.0
45 100 0.0
48 100 0.0
36 100 0.0
50 100 0.0
53 100 0.0 [1,2]
56 100 0.0
52 100 0.0
61 100 0.0 [7]
55 100 0.0
57 100 0.0
58 100 0.0
59 100 0.0
60 100 0.0
64 100 0.0
63 100 0.0
66 100 0.0 [4]
78 100 0.0
77 100 0.0 [5,6]
80 100 0.0 [0,2]
70 100 0.0
76 100 0.0
71 100 0.0
72 100 0.0
73 100 0.0 [5]
82 100 0.0
88 100 0.0
93 100 0.0 [1]
98 100 0.0
100 100 0.0
96 100 0.0 [3]
97 100 0.0
99 100 0.0
102 100 0.0
27 100 0.0
38 100 0.0
39 100 0.0
44 100 0.0
42 100 0.0
47 100 0.0 [6]
51 100 0.0
91 100 0.0
90 100 0.0
89 100 0.0 [9,4,5]
92 100 0.0 [8]
95 100 0.0
103 100 0.0 [1,3]
116
0 4 100 0.0
0 3 100 0.0
1 2 100 0.0
1 8 100 0.0
2 3 100 0.0
3 9 100 0.0
4 6 100 0.0
5 19 100 0.0
5 15 100 0.0
6 11 100 0.0
7 8 100 0.0
7 12 100 0.0
9 13 100 0.0
9 17 100 0.0
10 15 100 0.0
10 16 100 0.0
11 14 100 0.0
12 17 100 0.0
13 32 100 0.0
14 22 100 0.0
15 20 100 0.0
16 24 100 0.0
17 18 100 0.0
17 23 100 0.0
18 27 100 0.0
19 28 100 0.0
20 25 100 0.0
20 33 100 0.0
21 26 100 0.0
21 30 100 0.0
22 31 100 0.0
23 29 100 0.0
24 25 100 0.0
26 35 100 0.0
28 40 100 0.0
29 35 100 0.0
29 38 100 0.0
30 37 100 0.0
31 32 100 0.0
32 39 100 0.0
33 41 100 0.0
33 43 100 0.0
33 44 100 0.0
34 45 100 0.0
34 48 100 0.0
35 36 100 0.0
36 40 100 0.0
37 40 100 0.0
40 41 100 0.0
40 43 100 0.0
40 46 100 0.0
42 49 100 0.0
45 65 100 0.0
46 47 100 0.0
46 49 100 0.0
46 50 100 0.0
48 53 100 0.0
49 56 100 0.0
50 52 100 0.0
51 61 100 0.0
52 55 100 0.0
53 54 100 0.0
54 65 100 0.0
54 57 100 0.0
55 58 100 0.0
56 75 100 0.0
57 59 100 0.0
58 60 100 0.0
59 64 100 0.0
60 62 100 0.0
61 65 100 0.0
62 65 100 0.0
62 67 100 0.0
63 67 100 0.0
63 68 100 0.0
64 69 100 0.0
66 68 100 0.0
66 78 100 0.0
67 74 100 0.0
68 77 100 0.0
69 79 100 0.0
69 80 100 0.0
70 86 100 0.0
70 76 100 0.0
71 74 100 0.0
71 81 100 0.0
72 75 100 0.0
72 73 100 0.0
73 77 100 0.0
74 83 100 0.0
75 91 100 0.0
75 78 100 0.0
76 79 100 0.0
79 86 100 0.0
80 81 100 0.0
81 82 100 0.0
82 84 100 0.0
83 84 100 0.0
83 85 100 0.0
84 88 100 0.0
85 101 100 0.0
85 87 100 0.0
86 93 100 0.0
87 90 100 0.0
87 94 100 0.0
88 89 100 0.0
92 93 100 0.0
94 98 100 0.0
94 100 100 0.0
95 96 100 0.0
96 97 100 0.0
97 99 100 0.0
98 102 100 0.0
99 100 100 0.0
101 103 100 0.0
101 102 100 0.0
