20
0 117 10.0 10.0 10.0 44 19 9,4,5
20 16 10.0 10.0 10.0 45 80 4
48 180 10.0 10.0 10.0 14 86 5,0,9
55 237 10.0 10.0 10.0 103 91 2,7,4
59 681 10.0 10.0 10.0 54 43 9,4,8
62 484 10.0 10.0 10.0 32 47 0,8
75 2 10.0 10.0 10.0 52 42 2,5,1
75 793 10.0 10.0 10.0 45 44 7
91 139 10.0 10.0 10.0 10 44 6
137 191 10.0 10.0 10.0 31 101 6,0
141 24 10.0 10.0 10.0 6 80 2,4,6
141 2177 10.0 10.0 10.0 34 15 2
172 1224 10.0 10.0 10.0 87 48 7,4,9
212 289 10.0 10.0 10.0 19 6 8,4,5
240 1873 10.0 10.0 10.0 20 97 2
258 1548 10.0 10.0 10.0 71 47 1
317 643 10.0 10.0 10.0 97 29 0,5
318 1614 10.0 10.0 10.0 79 60 3,2,4
369 967 10.0 10.0 10.0 47 69 7,2,0
388 64 10.0 10.0 10.0 9 87 4
