20
0 655 10.0 10.0 10.0 15 2 8,3
1 706 10.0 10.0 10.0 48 67 1,6,1
8 18 10.0 10.0 10.0 11 4 5,0
32 1595 10.0 10.0 10.0 3 86 3,8
35 472 10.0 10.0 10.0 59 40 0
52 894 10.0 10.0 10.0 101 46 2,5
53 213 10.0 10.0 10.0 31 48 8,9,3
80 2 10.0 10.0 10.0 83 5 4
83 252 10.0 10.0 10.0 64 57 3,7,2
133 591 10.0 10.0 10.0 13 32 1
144 29 10.0 10.0 10.0 4 79 0
197 1132 10.0 10.0 10.0 8 46 9
215 286 10.0 10.0 10.0 20 24 9,4
238 390 10.0 10.0 10.0 4 10 4
241 133 10.0 10.0 10.0 31 11 7,5,6
260 573 10.0 10.0 10.0 68 62 7
265 809 10.0 10.0 10.0 19 55 7,6,5
278 1117 10.0 10.0 10.0 60 84 6,5
279 185 10.0 10.0 10.0 55 9 4,9,8
346 116 10.0 10.0 10.0 62 81 0,3
