30
0 380 6.666666666666667 6.666666666666667 6.666666666666667 91 29 9,3,7
11 5 6.666666666666667 6.666666666666667 6.666666666666667 45 54 0
14 196 6.666666666666667 6.666666666666667 6.666666666666667 97 44 9,6
33 551 6.666666666666667 6.666666666666667 6.666666666666667 17 100 0
41 837 6.666666666666667 6.666666666666667 6.666666666666667 102 56 6
64 1277 6.666666666666667 6.666666666666667 6.666666666666667 94 80 2,1
83 191 6.666666666666667 6.666666666666667 6.666666666666667 7 80 1,0
145 65 6.666666666666667 6.666666666666667 6.666666666666667 7 69 0
155 1027 6.666666666666667 6.666666666666667 6.666666666666667 65 20 8,0
174 1090 6.666666666666667 6.666666666666667 6.666666666666667 2 102 3
242 309 6.666666666666667 6.666666666666667 6.666666666666667 26 69 4,2,8
272 91 6.666666666666667 6.666666666666667 6.666666666666667 32 9 9
287 58 6.666666666666667 6.666666666666667 6.666666666666667 8 73 7
296 592 6.666666666666667 6.666666666666667 6.666666666666667 47 89 7
341 216 6.666666666666667 6.666666666666667 6.666666666666667 20 31 8
370 457 6.666666666666667 6.666666666666667 6.666666666666667 89 50 6,1,8
405 632 6.666666666666667 6.666666666666667 6.666666666666667 80 18 9
419 83 6.666666666666667 6.666666666666667 6.666666666666667 20 66 4,7,9
428 659 6.666666666666667 6.666666666666667 6.666666666666667 50 73 5,0
435 183 6.666666666666667 6.666666666666667 6.666666666666667 18 17 9
438 530 6.666666666666667 6.666666666666667 6.666666666666667 11 81 6,9,0
443 510 6.666666666666667 6.666666666666667 6.666666666666667 2 94 7,2,8
533 526 6.666666666666667 6.666666666666667 6.666666666666667 50 31 1,2,6
550 646 6.666666666666667 6.666666666666667 6.666666666666667 102 39 1,3
559 1035 6.666666666666667 6.666666666666667 6.666666666666667 101 46 3,4,3
561 260 6.666666666666667 6.666666666666667 6.666666666666667 40 52 1
576 59 6.666666666666667 6.666666666666667 6.666666666666667 88 63 5,9,4
612 26 6.666666666666667 6.666666666666667 6.666666666666667 44 39 6,3
625 7 6.666666666666667 6.666666666666667 6.666666666666667 63 43 3,2,4
629 2013 6.666666666666667 6.666666666666667 6.666666666666667 42 19 9,4,3
