20
0 225 10.0 10.0 10.0 37 70 0,7,2
41 216 10.0 10.0 10.0 62 47 2,7
69 422 10.0 10.0 10.0 24 4 0,9,0
106 219 10.0 10.0 10.0 102 94 2,6,4
138 614 10.0 10.0 10.0 41 84 3,2
138 108 10.0 10.0 10.0 91 42 4
156 75 10.0 10.0 10.0 31 2 9,1
188 26 10.0 10.0 10.0 71 30 8,3,0
214 193 10.0 10.0 10.0 77 30 2
257 644 10.0 10.0 10.0 99 22 0
271 277 10.0 10.0 10.0 63 34 9
309 462 10.0 10.0 10.0 4 70 9
347 587 10.0 10.0 10.0 69 47 0,1,6
353 506 10.0 10.0 10.0 21 62 8,6
471 2671 10.0 10.0 10.0 52 22 9
478 162 10.0 10.0 10.0 1 85 9,5,9
483 982 10.0 10.0 10.0 35 60 8
486 446 10.0 10.0 10.0 36 42 9,4
489 83 10.0 10.0 10.0 102 27 6,4
496 87 10.0 10.0 10.0 19 11 7,6,5
