30
0 265 6.666666666666667 6.666666666666667 6.666666666666667 64 2 8,9
1 370 6.666666666666667 6.666666666666667 6.666666666666667 6 20 1,4,9
22 429 6.666666666666667 6.666666666666667 6.666666666666667 8 89 5,3,5
22 154 6.666666666666667 6.666666666666667 6.666666666666667 54 62 3
41 179 6.666666666666667 6.666666666666667 6.666666666666667 95 86 8,1
44 240 6.666666666666667 6.666666666666667 6.666666666666667 27 94 6,2
65 2718 6.666666666666667 6.666666666666667 6.666666666666667 13 66 3,8,3
78 1157 6.666666666666667 6.666666666666667 6.666666666666667 98 77 6,2,6
84 797 6.666666666666667 6.666666666666667 6.666666666666667 14 54 2
114 67 6.666666666666667 6.666666666666667 6.666666666666667 102 45 5,3,9
132 1064 6.666666666666667 6.666666666666667 6.666666666666667 98 49 8,0,9
138 31 6.666666666666667 6.666666666666667 6.666666666666667 68 50 1
158 210 6.666666666666667 6.666666666666667 6.666666666666667 13 99 7
162 928 6.666666666666667 6.666666666666667 6.666666666666667 21 94 8,3,0
172 318 6.666666666666667 6.666666666666667 6.666666666666667 74 100 3,2,6
197 1197 6.666666666666667 6.666666666666667 6.666666666666667 30 22 5
207 567 6.666666666666667 6.666666666666667 6.666666666666667 36 66 3
212 187 6.666666666666667 6.666666666666667 6.666666666666667 103 8 2
224 142 6.666666666666667 6.666666666666667 6.666666666666667 83 31 5,8,9
265 38 6.666666666666667 6.666666666666667 6.666666666666667 41 93 1,3,0
265 430 6.666666666666667 6.666666666666667 6.666666666666667 16 54 0,9
276 888 6.666666666666667 6.666666666666667 6.666666666666667 69 77 0,9,8
288 226 6.666666666666667 6.666666666666667 6.666666666666667 68 20 8,9,4
301 170 6.666666666666667 6.666666666666667 6.666666666666667 53 97 2,8
345 175 6.666666666666667 6.666666666666667 6.666666666666667 92 51 3,1
350 87 6.666666666666667 6.666666666666667 6.666666666666667 39 26 0,5,6
371 3195 6.666666666666667 6.666666666666667 6.666666666666667 66 79 7,2
394 887 6.666666666666667 6.666666666666667 6.666666666666667 80 74 4,9
412 2718 6.666666666666667 6.666666666666667 6.666666666666667 13 34 5,6,1
431 73 6.666666666666667 6.666666666666667 6.666666666666667 67 26 7
