30
0 600 6.666666666666667 6.666666666666667 6.666666666666667 67 3 1,2
14 18 6.666666666666667 6.666666666666667 6.666666666666667 56 57 5,6,7
27 89 6.666666666666667 6.666666666666667 6.666666666666667 33 8 7
35 1031 6.666666666666667 6.666666666666667 6.666666666666667 65 20 1
39 101 6.666666666666667 6.666666666666667 6.666666666666667 101 16 7
61 1157 6.666666666666667 6.666666666666667 6.666666666666667 3 59 9,3
73 377 6.666666666666667 6.666666666666667 6.666666666666667 45 85 2,5
86 139 6.666666666666667 6.666666666666667 6.666666666666667 9 40 2
89 199 6.666666666666667 6.666666666666667 6.666666666666667 45 35 3,9,2
108 2 6.666666666666667 6.666666666666667 6.666666666666667 20 0 3
117 1063 6.666666666666667 6.666666666666667 6.666666666666667 86 49 3,7,4
196 426 6.666666666666667 6.666666666666667 6.666666666666667 55 5 0
197 148 6.666666666666667 6.666666666666667 6.666666666666667 35 40 0
205 389 6.666666666666667 6.666666666666667 6.666666666666667 33 69 3
225 296 6.666666666666667 6.666666666666667 6.666666666666667 57 36 5,8,6
229 195 6.666666666666667 6.666666666666667 6.666666666666667 14 15 8,1
264 279 6.666666666666667 6.666666666666667 6.666666666666667 17 75 5,7,1
273 424 6.666666666666667 6.666666666666667 6.666666666666667 20 18 3
329 351 6.666666666666667 6.666666666666667 6.666666666666667 1 24 2,4
361 782 6.666666666666667 6.666666666666667 6.666666666666667 25 24 3,7,1
377 68 6.666666666666667 6.666666666666667 6.666666666666667 87 26 0,9,0
410 528 6.666666666666667 6.666666666666667 6.666666666666667 36 61 7,1,5
410 30 6.666666666666667 6.666666666666667 6.666666666666667 23 7 2,4,8
431 334 6.666666666666667 6.666666666666667 6.666666666666667 53 41 6,7,8
477 691 6.666666666666667 6.666666666666667 6.666666666666667 37 29 9,4
485 742 6.666666666666667 6.666666666666667 6.666666666666667 101 48 7,4,3
489 2677 6.666666666666667 6.666666666666667 6.666666666666667 65 57 5,1,7
545 108 6.666666666666667 6.666666666666667 6.666666666666667 28 94 3
563 180 6.666666666666667 6.666666666666667 6.666666666666667 21 31 7,1
575 640 6.666666666666667 6.666666666666667 6.666666666666667 54 15 8,5,6
