30
0 9 6.666666666666667 6.666666666666667 6.666666666666667 103 73 7
34 245 6.666666666666667 6.666666666666667 6.666666666666667 10 52 1
44 17 6.666666666666667 6.666666666666667 6.666666666666667 2 23 5
52 547 6.666666666666667 6.666666666666667 6.666666666666667 6 64 0,2,7
78 220 6.666666666666667 6.666666666666667 6.666666666666667 2 80 1,6,8
95 264 6.666666666666667 6.666666666666667 6.666666666666667 2 44 8,6,2
129 956 6.666666666666667 6.666666666666667 6.666666666666667 5 54 2
131 200 6.666666666666667 6.666666666666667 6.666666666666667 83 2 3
137 199 6.666666666666667 6.666666666666667 6.666666666666667 35 79 1
144 1525 6.666666666666667 6.666666666666667 6.666666666666667 64 1 9,0,5
160 503 6.666666666666667 6.666666666666667 6.666666666666667 90 11 9,4
167 1261 6.666666666666667 6.666666666666667 6.666666666666667 56 24 6,1,9
207 318 6.666666666666667 6.666666666666667 6.666666666666667 2 76 4,3
226 70 6.666666666666667 6.666666666666667 6.666666666666667 79 61 8,0,2
232 258 6.666666666666667 6.666666666666667 6.666666666666667 94 4 3
241 31 6.666666666666667 6.666666666666667 6.666666666666667 64 91 8,9,8
307 527 6.666666666666667 6.666666666666667 6.666666666666667 89 30 1,8,4
313 138 6.666666666666667 6.666666666666667 6.666666666666667 29 62 7,6
314 224 6.666666666666667 6.666666666666667 6.666666666666667 12 24 4,9
319 1 6.666666666666667 6.666666666666667 6.666666666666667 36 39 5
320 835 6.666666666666667 6.666666666666667 6.666666666666667 5 38 2,7
322 379 6.666666666666667 6.666666666666667 6.666666666666667 48 72 9,7,9
351 288 6.666666666666667 6.666666666666667 6.666666666666667 36 85 1,7
366 20 6.666666666666667 6.666666666666667 6.666666666666667 83 0 3,5,6
371 732 6.666666666666667 6.666666666666667 6.666666666666667 88 24 8,7,5
382 67 6.666666666666667 6.666666666666667 6.666666666666667 25 13 2
423 14 6.666666666666667 6.666666666666667 6.666666666666667 36 82 4
442 21 6.666666666666667 6.666666666666667 6.666666666666667 22 47 0
470 150 6.666666666666667 6.666666666666667 6.666666666666667 5 69 3
479 900 6.666666666666667 6.666666666666667 6.666666666666667 63 74 3
