30
0 2549 6.666666666666667 6.666666666666667 6.666666666666667 22 43 5,9
42 493 6.666666666666667 6.666666666666667 6.666666666666667 66 56 6
46 58 6.666666666666667 6.666666666666667 6.666666666666667 73 52 9
49 362 6.666666666666667 6.666666666666667 6.666666666666667 90 88 0,6,0
83 222 6.666666666666667 6.666666666666667 6.666666666666667 19 42 1,6,2
86 743 6.666666666666667 6.666666666666667 6.666666666666667 8 38 1,7
97 421 6.666666666666667 6.666666666666667 6.666666666666667 64 57 1,6
115 549 6.666666666666667 6.666666666666667 6.666666666666667 53 6 5,3,2
131 77 6.666666666666667 6.666666666666667 6.666666666666667 30 52 9,1,7
135 1800 6.666666666666667 6.666666666666667 6.666666666666667 13 61 9
171 892 6.666666666666667 6.666666666666667 6.666666666666667 55 31 9,5,3
215 665 6.666666666666667 6.666666666666667 6.666666666666667 11 70 2,6,7
224 201 6.666666666666667 6.666666666666667 6.666666666666667 45 23 4
230 83 6.666666666666667 6.666666666666667 6.666666666666667 1 56 5
235 32 6.666666666666667 6.666666666666667 6.666666666666667 41 23 4,5
236 449 6.666666666666667 6.666666666666667 6.666666666666667 47 71 8,0,5
249 35 6.666666666666667 6.666666666666667 6.666666666666667 42 34 7,0
279 147 6.666666666666667 6.666666666666667 6.666666666666667 93 76 7,0
284 26 6.666666666666667 6.666666666666667 6.666666666666667 88 53 2,7
332 45 6.666666666666667 6.666666666666667 6.666666666666667 41 7 6,7,2
348 1098 6.666666666666667 6.666666666666667 6.666666666666667 60 90 2,0
381 189 6.666666666666667 6.666666666666667 6.666666666666667 77 8 0,3
387 1119 6.666666666666667 6.666666666666667 6.666666666666667 60 26 2
454 34 6.666666666666667 6.666666666666667 6.666666666666667 8 1 5
475 91 6.666666666666667 6.666666666666667 6.666666666666667 96 102 2,1,3
484 795 6.666666666666667 6.666666666666667 6.666666666666667 51 63 0,3
494 218 6.666666666666667 6.666666666666667 6.666666666666667 89 95 3
502 109 6.666666666666667 6.666666666666667 6.666666666666667 71 13 4
534 1100 6.666666666666667 6.666666666666667 6.666666666666667 71 26 0,6
607 214 6.666666666666667 6.666666666666667 6.666666666666667 24 2 9,7,1
