20
0 681 10.0 10.0 10.0 4 12 8,6
0 77 10.0 10.0 10.0 65 69 6
4 86 10.0 10.0 10.0 13 46 0,4
7 319 10.0 10.0 10.0 60 33 9
25 248 10.0 10.0 10.0 1 49 3
35 425 10.0 10.0 10.0 10 31 5,0,1
51 51 10.0 10.0 10.0 58 64 0,5,1
66 116 10.0 10.0 10.0 59 49 2,6,0
99 616 10.0 10.0 10.0 31 64 3,8,4
135 384 10.0 10.0 10.0 61 68 0,7,9
161 517 10.0 10.0 10.0 19 8 5,2,0
164 522 10.0 10.0 10.0 14 22 7,5,9
174 256 10.0 10.0 10.0 46 37 6,7
200 33 10.0 10.0 10.0 20 69 8,5
205 384 10.0 10.0 10.0 11 68 9,2
211 465 10.0 10.0 10.0 61 83 9,4
226 652 10.0 10.0 10.0 37 2 1,2,6
236 150 10.0 10.0 10.0 8 83 8,6,3
248 22 10.0 10.0 10.0 16 85 5,3
253 183 10.0 10.0 10.0 59 6 4
