30
0 323 6.666666666666667 6.666666666666667 6.666666666666667 51 72 9,2,4
0 642 6.666666666666667 6.666666666666667 6.666666666666667 85 14 6,3,4
51 122 6.666666666666667 6.666666666666667 6.666666666666667 10 60 9
54 102 6.666666666666667 6.666666666666667 6.666666666666667 85 78 1,0
62 883 6.666666666666667 6.666666666666667 6.666666666666667 51 95 2
63 809 6.666666666666667 6.666666666666667 6.666666666666667 89 65 5,7
68 261 6.666666666666667 6.666666666666667 6.666666666666667 72 98 7,8,3
99 2132 6.666666666666667 6.666666666666667 6.666666666666667 67 76 2,9,7
119 35 6.666666666666667 6.666666666666667 6.666666666666667 74 8 3
123 798 6.666666666666667 6.666666666666667 6.666666666666667 37 96 7
138 95 6.666666666666667 6.666666666666667 6.666666666666667 51 38 2
187 411 6.666666666666667 6.666666666666667 6.666666666666667 34 69 8,6
189 496 6.666666666666667 6.666666666666667 6.666666666666667 67 94 1
193 92 6.666666666666667 6.666666666666667 6.666666666666667 58 93 2,9,0
230 36 6.666666666666667 6.666666666666667 6.666666666666667 26 55 4
237 840 6.666666666666667 6.666666666666667 6.666666666666667 40 0 9
272 549 6.666666666666667 6.666666666666667 6.666666666666667 33 84 8
279 788 6.666666666666667 6.666666666666667 6.666666666666667 74 49 9,1
344 528 6.666666666666667 6.666666666666667 6.666666666666667 47 18 0,6
374 222 6.666666666666667 6.666666666666667 6.666666666666667 92 3 6
411 223 6.666666666666667 6.666666666666667 6.666666666666667 8 24 4,3,1
413 870 6.666666666666667 6.666666666666667 6.666666666666667 11 24 0,4,2
419 980 6.666666666666667 6.666666666666667 6.666666666666667 20 32 2
421 204 6.666666666666667 6.666666666666667 6.666666666666667 11 76 2,0
448 806 6.666666666666667 6.666666666666667 6.666666666666667 99 22 5
462 183 6.666666666666667 6.666666666666667 6.666666666666667 32 36 3,0
516 144 6.666666666666667 6.666666666666667 6.666666666666667 18 61 3
522 1740 6.666666666666667 6.666666666666667 6.666666666666667 13 93 9
581 49 6.666666666666667 6.666666666666667 6.666666666666667 30 48 7,1
587 522 6.666666666666667 6.666666666666667 6.666666666666667 36 22 0,8
