20
0 97 10.0 10.0 10.0 41 81 0,3
23 17 10.0 10.0 10.0 55 12 8
31 530 10.0 10.0 10.0 8 71 5
41 1417 10.0 10.0 10.0 83 32 1
56 577 10.0 10.0 10.0 70 5 6,4
98 42 10.0 10.0 10.0 48 3 4
98 147 10.0 10.0 10.0 29 90 0
117 1101 10.0 10.0 10.0 94 37 8
192 1316 10.0 10.0 10.0 86 6 5,4,7
209 630 10.0 10.0 10.0 73 15 1,7,5
219 150 10.0 10.0 10.0 31 61 9
275 922 10.0 10.0 10.0 21 70 9,5
288 800 10.0 10.0 10.0 55 79 3
303 80 10.0 10.0 10.0 60 103 9,8
373 202 10.0 10.0 10.0 31 0 8
422 945 10.0 10.0 10.0 43 78 9
447 245 10.0 10.0 10.0 18 1 4,0,5
463 647 10.0 10.0 10.0 27 46 1,3,5
474 586 10.0 10.0 10.0 64 46 6,0
481 576 10.0 10.0 10.0 44 11 6
