20
0 253 10.0 10.0 10.0 71 91 0
14 1377 10.0 10.0 10.0 98 52 3
21 415 10.0 10.0 10.0 91 2 8,4
29 376 10.0 10.0 10.0 39 89 7,2,3
53 483 10.0 10.0 10.0 92 72 5,7,4
64 349 10.0 10.0 10.0 78 13 2
69 13 10.0 10.0 10.0 97 63 9,2,9
138 1011 10.0 10.0 10.0 50 95 6,5,8
141 442 10.0 10.0 10.0 72 5 8,2
177 806 10.0 10.0 10.0 27 77 4,8
201 187 10.0 10.0 10.0 41 96 3,1
211 444 10.0 10.0 10.0 37 63 1,4
214 847 10.0 10.0 10.0 22 97 3,5,8
214 230 10.0 10.0 10.0 22 37 2,4
214 1031 10.0 10.0 10.0 51 45 1,3,9
314 384 10.0 10.0 10.0 99 98 7
322 8 10.0 10.0 10.0 51 21 2,0,3
342 427 10.0 10.0 10.0 103 51 5
404 840 10.0 10.0 10.0 42 47 4
414 838 10.0 10.0 10.0 11 22 9,8,2
