20
0 214 10.0 10.0 10.0 45 15 5,0,3
17 417 10.0 10.0 10.0 95 79 3
27 461 10.0 10.0 10.0 87 38 7,3
53 968 10.0 10.0 10.0 51 47 5,2,7
104 552 10.0 10.0 10.0 84 90 5,1,6
104 44 10.0 10.0 10.0 43 6 5,8,5
125 699 10.0 10.0 10.0 40 34 2
138 579 10.0 10.0 10.0 24 87 4
163 129 10.0 10.0 10.0 3 78 7,3
170 467 10.0 10.0 10.0 42 7 8
177 501 10.0 10.0 10.0 4 90 8,7
195 1509 10.0 10.0 10.0 78 4 7,9
196 16 10.0 10.0 10.0 15 48 4
213 1120 10.0 10.0 10.0 45 56 5
267 464 10.0 10.0 10.0 5 82 0
267 1112 10.0 10.0 10.0 1 83 1
292 244 10.0 10.0 10.0 63 35 4,1
307 2270 10.0 10.0 10.0 47 82 0,7,2
308 999 10.0 10.0 10.0 15 36 6,2
314 1741 10.0 10.0 10.0 60 3 7,1
