30
0 1046 6.666666666666667 6.666666666666667 6.666666666666667 95 77 6
35 120 6.666666666666667 6.666666666666667 6.666666666666667 51 28 5
41 1759 6.666666666666667 6.666666666666667 6.666666666666667 70 102 6,8
81 93 6.666666666666667 6.666666666666667 6.666666666666667 55 50 4,9
86 678 6.666666666666667 6.666666666666667 6.666666666666667 60 14 7,3
113 809 6.666666666666667 6.666666666666667 6.666666666666667 47 30 4
166 359 6.666666666666667 6.666666666666667 6.666666666666667 95 10 7,6
201 60 6.666666666666667 6.666666666666667 6.666666666666667 36 18 2,5,7
253 93 6.666666666666667 6.666666666666667 6.666666666666667 23 50 6
263 299 6.666666666666667 6.666666666666667 6.666666666666667 30 31 5,0
273 858 6.666666666666667 6.666666666666667 6.666666666666667 64 72 7
283 26 6.666666666666667 6.666666666666667 6.666666666666667 77 6 1,3
319 1081 6.666666666666667 6.666666666666667 6.666666666666667 60 82 1,9
344 719 6.666666666666667 6.666666666666667 6.666666666666667 99 43 8,3,8
347 386 6.666666666666667 6.666666666666667 6.666666666666667 55 8 1
426 969 6.666666666666667 6.666666666666667 6.666666666666667 71 18 2,8
457 278 6.666666666666667 6.666666666666667 6.666666666666667 12 51 8,2
477 156 6.666666666666667 6.666666666666667 6.666666666666667 23 88 6,8,0
490 330 6.666666666666667 6.666666666666667 6.666666666666667 53 28 3,8,5
493 49 6.666666666666667 6.666666666666667 6.666666666666667 22 12 3
522 119 6.666666666666667 6.666666666666667 6.666666666666667 41 100 6,9,2
525 1045 6.666666666666667 6.666666666666667 6.666666666666667 13 14 0,5
526 989 6.666666666666667 6.666666666666667 6.666666666666667 61 23 1,2
548 90 6.666666666666667 6.666666666666667 6.666666666666667 24 10 1,4,9
549 185 6.666666666666667 6.666666666666667 6.666666666666667 11 8 0
557 227 6.666666666666667 6.666666666666667 6.666666666666667 7 90 3,0
568 335 6.666666666666667 6.666666666666667 6.666666666666667 51 103 8
597 382 6.666666666666667 6.666666666666667 6.666666666666667 6 7 2,4,7
632 355 6.666666666666667 6.666666666666667 6.666666666666667 57 90 5,6
654 74 6.666666666666667 6.666666666666667 6.666666666666667 91 19 5
