30
0 538 6.666666666666667 6.666666666666667 6.666666666666667 54 75 1,2,7
17 672 6.666666666666667 6.666666666666667 6.666666666666667 18 17 8,9,3
39 92 6.666666666666667 6.666666666666667 6.666666666666667 50 32 4,1
45 424 6.666666666666667 6.666666666666667 6.666666666666667 8 54 6,4,0
52 861 6.666666666666667 6.666666666666667 6.666666666666667 36 28 0,7,2
53 609 6.666666666666667 6.666666666666667 6.666666666666667 13 50 9,2
69 1201 6.666666666666667 6.666666666666667 6.666666666666667 23 28 7,1
75 287 6.666666666666667 6.666666666666667 6.666666666666667 31 94 7,0
125 151 6.666666666666667 6.666666666666667 6.666666666666667 33 69 8,2
141 293 6.666666666666667 6.666666666666667 6.666666666666667 83 50 4,0
180 385 6.666666666666667 6.666666666666667 6.666666666666667 14 16 4,1
192 1230 6.666666666666667 6.666666666666667 6.666666666666667 41 25 4,7,4
218 380 6.666666666666667 6.666666666666667 6.666666666666667 13 74 0
229 380 6.666666666666667 6.666666666666667 6.666666666666667 55 34 2,3
273 139 6.666666666666667 6.666666666666667 6.666666666666667 67 46 8,2,6
288 714 6.666666666666667 6.666666666666667 6.666666666666667 49 94 5,1,3
296 683 6.666666666666667 6.666666666666667 6.666666666666667 53 49 4,5,9
325 705 6.666666666666667 6.666666666666667 6.666666666666667 85 30 6,2
328 651 6.666666666666667 6.666666666666667 6.666666666666667 15 37 1,8
445 853 6.666666666666667 6.666666666666667 6.666666666666667 21 75 7
465 340 6.666666666666667 6.666666666666667 6.666666666666667 86 40 7,2,7
476 120 6.666666666666667 6.666666666666667 6.666666666666667 34 7 0
490 210 6.666666666666667 6.666666666666667 6.666666666666667 0 11 6
492 146 6.666666666666667 6.666666666666667 6.666666666666667 15 31 7,3
510 1910 6.666666666666667 6.666666666666667 6.666666666666667 9 28 8,2
518 429 6.666666666666667 6.666666666666667 6.666666666666667 74 15 8,4,3
533 135 6.666666666666667 6.666666666666667 6.666666666666667 86 12 7,8
539 543 6.666666666666667 6.666666666666667 6.666666666666667 6 68 5,7,5
573 199 6.666666666666667 6.666666666666667 6.666666666666667 29 65 6
615 61 6.666666666666667 6.666666666666667 6.666666666666667 34 17 9,7,1
