20
0 88 10.0 10.0 10.0 58 72 5,4
11 252 10.0 10.0 10.0 21 96 0,8,2
50 104 10.0 10.0 10.0 52 27 8
60 292 10.0 10.0 10.0 21 97 8,4
103 207 10.0 10.0 10.0 100 47 4,6
123 755 10.0 10.0 10.0 100 27 0
148 676 10.0 10.0 10.0 25 91 6,4,1
150 1344 10.0 10.0 10.0 6 76 3,6
150 703 10.0 10.0 10.0 60 26 5,7,1
151 453 10.0 10.0 10.0 38 18 5
154 86 10.0 10.0 10.0 96 41 0,4
157 2001 10.0 10.0 10.0 13 25 0,9,0
194 551 10.0 10.0 10.0 88 8 5,3
238 15 10.0 10.0 10.0 10 25 6,0,2
246 15 10.0 10.0 10.0 52 31 9,2
289 167 10.0 10.0 10.0 60 34 4,0,1
300 1119 10.0 10.0 10.0 58 23 0
308 303 10.0 10.0 10.0 43 2 7
308 1471 10.0 10.0 10.0 52 57 2,4
309 878 10.0 10.0 10.0 53 103 6
