30
0 827 6.666666666666667 6.666666666666667 6.666666666666667 2 47 1,6
0 799 6.666666666666667 6.666666666666667 6.666666666666667 72 7 0,6
14 614 6.666666666666667 6.666666666666667 6.666666666666667 4 87 3,1
24 385 6.666666666666667 6.666666666666667 6.666666666666667 89 100 8
33 940 6.666666666666667 6.666666666666667 6.666666666666667 36 87 3,7,9
53 409 6.666666666666667 6.666666666666667 6.666666666666667 9 69 2
72 74 6.666666666666667 6.666666666666667 6.666666666666667 84 87 3,6
100 25 6.666666666666667 6.666666666666667 6.666666666666667 26 9 2,8,1
126 85 6.666666666666667 6.666666666666667 6.666666666666667 12 63 5,4
137 383 6.666666666666667 6.666666666666667 6.666666666666667 37 35 1
188 437 6.666666666666667 6.666666666666667 6.666666666666667 12 41 2
188 603 6.666666666666667 6.666666666666667 6.666666666666667 47 69 7,3,4
223 250 6.666666666666667 6.666666666666667 6.666666666666667 27 63 3,0
300 591 6.666666666666667 6.666666666666667 6.666666666666667 9 87 4,5,1
303 1142 6.666666666666667 6.666666666666667 6.666666666666667 72 69 1,5
346 2805 6.666666666666667 6.666666666666667 6.666666666666667 89 7 2
346 432 6.666666666666667 6.666666666666667 6.666666666666667 55 56 4,2
350 341 6.666666666666667 6.666666666666667 6.666666666666667 92 91 9
407 96 6.666666666666667 6.666666666666667 6.666666666666667 82 36 9,4,6
429 82 6.666666666666667 6.666666666666667 6.666666666666667 95 91 9,5,4
442 162 6.666666666666667 6.666666666666667 6.666666666666667 86 89 8,9,1
442 28 6.666666666666667 6.666666666666667 6.666666666666667 92 57 0
458 630 6.666666666666667 6.666666666666667 6.666666666666667 12 89 9,5
467 449 6.666666666666667 6.666666666666667 6.666666666666667 97 15 9,7,3
547 152 6.666666666666667 6.666666666666667 6.666666666666667 2 43 1,8
550 1142 6.666666666666667 6.666666666666667 6.666666666666667 48 26 2,4
558 1971 6.666666666666667 6.666666666666667 6.666666666666667 27 31 8,9
561 613 6.666666666666667 6.666666666666667 6.666666666666667 43 6 2,9
609 1383 6.666666666666667 6.666666666666667 6.666666666666667 56 72 5,9,6
615 166 6.666666666666667 6.666666666666667 6.666666666666667 60 24 0
