20
0 33 10.0 10.0 10.0 56 101 2
6 124 10.0 10.0 10.0 103 30 1,6
8 2154 10.0 10.0 10.0 22 53 1,9
11 693 10.0 10.0 10.0 56 20 8,6
37 484 10.0 10.0 10.0 31 82 2,1
51 60 10.0 10.0 10.0 89 68 2,5
53 623 10.0 10.0 10.0 49 12 2,4
76 342 10.0 10.0 10.0 58 91 7
77 504 10.0 10.0 10.0 79 56 4
81 477 10.0 10.0 10.0 26 42 0
82 599 10.0 10.0 10.0 66 39 9
100 876 10.0 10.0 10.0 70 10 0
116 380 10.0 10.0 10.0 13 39 3,1,4
127 299 10.0 10.0 10.0 96 42 0
135 1191 10.0 10.0 10.0 103 78 3,6,2
142 2012 10.0 10.0 10.0 44 89 1,9,1
143 403 10.0 10.0 10.0 53 16 8,0
150 292 10.0 10.0 10.0 60 36 2,8,2
151 172 10.0 10.0 10.0 30 39 2,6
166 243 10.0 10.0 10.0 41 19 1,2
