20
0 65 10.0 10.0 10.0 1 27 0
55 1506 10.0 10.0 10.0 14 19 5,7
73 628 10.0 10.0 10.0 8 23 1
80 581 10.0 10.0 10.0 56 37 9,4
89 383 10.0 10.0 10.0 95 68 3
103 1517 10.0 10.0 10.0 69 27 1
109 97 10.0 10.0 10.0 72 81 8
198 73 10.0 10.0 10.0 47 70 0,5
200 354 10.0 10.0 10.0 21 47 4
240 360 10.0 10.0 10.0 74 39 0,8,5
252 252 10.0 10.0 10.0 61 72 0,7,8
268 149 10.0 10.0 10.0 59 50 1,2
284 765 10.0 10.0 10.0 25 70 2,1
297 318 10.0 10.0 10.0 90 88 6,9
425 266 10.0 10.0 10.0 54 14 4,6,1
439 209 10.0 10.0 10.0 64 55 9
443 76 10.0 10.0 10.0 98 95 5,4,6
469 260 10.0 10.0 10.0 34 4 7,4
476 684 10.0 10.0 10.0 57 95 1
499 155 10.0 10.0 10.0 31 45 3,5
