20
0 61 10.0 10.0 10.0 51 96 9
21 352 10.0 10.0 10.0 26 21 3,9,6
26 92 10.0 10.0 10.0 67 93 8,1,9
34 1169 10.0 10.0 10.0 89 49 5
59 895 10.0 10.0 10.0 87 77 9,8
59 37 10.0 10.0 10.0 55 84 1,9,6
70 168 10.0 10.0 10.0 4 73 6,3
75 190 10.0 10.0 10.0 66 48 7
87 34 10.0 10.0 10.0 79 25 6,3,7
89 203 10.0 10.0 10.0 24 73 1,8,2
91 644 10.0 10.0 10.0 78 91 8,4,9
94 1079 10.0 10.0 10.0 73 36 1,0,4
118 322 10.0 10.0 10.0 102 34 0
119 562 10.0 10.0 10.0 31 7 5,1,0
132 507 10.0 10.0 10.0 51 54 1
139 366 10.0 10.0 10.0 35 44 9,0
176 1064 10.0 10.0 10.0 41 34 5,2,0
176 587 10.0 10.0 10.0 95 11 1,0
178 857 10.0 10.0 10.0 96 69 4,5
183 17 10.0 10.0 10.0 70 84 5
