30
0 1511 6.666666666666667 6.666666666666667 6.666666666666667 98 40 6,0
2 286 6.666666666666667 6.666666666666667 6.666666666666667 72 99 7
61 373 6.666666666666667 6.666666666666667 6.666666666666667 6 10 2,3
83 402 6.666666666666667 6.666666666666667 6.666666666666667 91 98 1,4,5
91 141 6.666666666666667 6.666666666666667 6.666666666666667 49 14 6
99 351 6.666666666666667 6.666666666666667 6.666666666666667 63 16 7,4,6
114 361 6.666666666666667 6.666666666666667 6.666666666666667 64 71 0,7,1
123 259 6.666666666666667 6.666666666666667 6.666666666666667 79 71 8,9
136 282 6.666666666666667 6.666666666666667 6.666666666666667 86 82 1,8,9
138 838 6.666666666666667 6.666666666666667 6.666666666666667 71 84 9,0
189 970 6.666666666666667 6.666666666666667 6.666666666666667 18 36 1
215 733 6.666666666666667 6.666666666666667 6.666666666666667 84 94 2,4
218 750 6.666666666666667 6.666666666666667 6.666666666666667 79 40 6,4,0
228 1352 6.666666666666667 6.666666666666667 6.666666666666667 0 60 0,5,1
269 470 6.666666666666667 6.666666666666667 6.666666666666667 27 85 4
296 322 6.666666666666667 6.666666666666667 6.666666666666667 3 11 2,0,4
307 36 6.666666666666667 6.666666666666667 6.666666666666667 45 99 6
319 620 6.666666666666667 6.666666666666667 6.666666666666667 36 3 8,0,4
349 9 6.666666666666667 6.666666666666667 6.666666666666667 70 40 9,2
357 370 6.666666666666667 6.666666666666667 6.666666666666667 23 13 5,6,5
361 40 6.666666666666667 6.666666666666667 6.666666666666667 52 0 9,8,3
389 112 6.666666666666667 6.666666666666667 6.666666666666667 16 97 1
427 45 6.666666666666667 6.666666666666667 6.666666666666667 75 91 1,2,3
442 601 6.666666666666667 6.666666666666667 6.666666666666667 36 34 6
466 1457 6.666666666666667 6.666666666666667 6.666666666666667 7 23 8
488 459 6.666666666666667 6.666666666666667 6.666666666666667 36 44 6
515 481 6.666666666666667 6.666666666666667 6.666666666666667 99 65 3,6,0
534 746 6.666666666666667 6.666666666666667 6.666666666666667 75 16 0
535 51 6.666666666666667 6.666666666666667 6.666666666666667 38 27 0,9,5
540 827 6.666666666666667 6.666666666666667 6.666666666666667 56 88 9,0
