20
0 2066 10.0 10.0 10.0 50 33 7,1,4
24 61 10.0 10.0 10.0 33 58 3
69 154 10.0 10.0 10.0 37 21 6,7,4
83 178 10.0 10.0 10.0 37 36 4,8
88 944 10.0 10.0 10.0 53 65 4,0,8
102 31 10.0 10.0 10.0 15 54 6,4,9
112 836 10.0 10.0 10.0 87 21 3,0,3
149 804 10.0 10.0 10.0 3 9 6,3
152 295 10.0 10.0 10.0 101 1 5
152 76 10.0 10.0 10.0 30 46 3,7
189 1321 10.0 10.0 10.0 67 56 4,9
236 1547 10.0 10.0 10.0 56 26 1,0
238 243 10.0 10.0 10.0 40 52 2,1
274 1 10.0 10.0 10.0 57 5 3,9
279 1225 10.0 10.0 10.0 0 40 9,4
281 168 10.0 10.0 10.0 36 59 0
300 137 10.0 10.0 10.0 7 60 6
301 393 10.0 10.0 10.0 74 10 1,3
309 1024 10.0 10.0 10.0 81 54 8,2,8
309 1116 10.0 10.0 10.0 7 83 1
