20
0 1169 10.0 10.0 10.0 48 13 0
17 818 10.0 10.0 10.0 12 10 5,9
22 960 10.0 10.0 10.0 45 90 9,2,1
23 194 10.0 10.0 10.0 103 66 9
31 2248 10.0 10.0 10.0 38 6 6
88 0 10.0 10.0 10.0 19 57 1,7,6
129 184 10.0 10.0 10.0 10 95 5,0
143 221 10.0 10.0 10.0 76 22 8,5
159 84 10.0 10.0 10.0 96 13 6,5
161 291 10.0 10.0 10.0 19 60 0,1,8
167 173 10.0 10.0 10.0 96 95 2,4
198 805 10.0 10.0 10.0 2 60 9,1
284 1154 10.0 10.0 10.0 48 93 0,3,2
301 254 10.0 10.0 10.0 103 51 7
315 73 10.0 10.0 10.0 22 76 4
331 547 10.0 10.0 10.0 64 53 2,4
332 79 10.0 10.0 10.0 50 70 9
350 1442 10.0 10.0 10.0 103 42 0,7,6
371 1035 10.0 10.0 10.0 51 73 7,9
371 541 10.0 10.0 10.0 24 42 7
