20
0 860 10.0 10.0 10.0 94 88 8
5 106 10.0 10.0 10.0 73 45 8
16 1076 10.0 10.0 10.0 88 41 2,3
22 81 10.0 10.0 10.0 100 22 9,5
100 111 10.0 10.0 10.0 68 55 2,5,9
113 946 10.0 10.0 10.0 97 52 9,7
119 220 10.0 10.0 10.0 73 2 1
165 1975 10.0 10.0 10.0 103 26 2
167 291 10.0 10.0 10.0 71 97 5,0,4
178 180 10.0 10.0 10.0 92 39 7,9
184 154 10.0 10.0 10.0 45 58 9
199 335 10.0 10.0 10.0 84 12 3
204 437 10.0 10.0 10.0 14 68 3,8,2
225 800 10.0 10.0 10.0 61 54 4,5
237 816 10.0 10.0 10.0 64 16 3,4,9
242 31 10.0 10.0 10.0 21 49 6,7,2
344 396 10.0 10.0 10.0 77 92 4,9,7
360 1423 10.0 10.0 10.0 7 64 1,9
386 886 10.0 10.0 10.0 20 57 5
419 274 10.0 10.0 10.0 99 28 9,4,0
