30
0 5 6.666666666666667 6.666666666666667 6.666666666666667 42 66 4,7,8
28 942 6.666666666666667 6.666666666666667 6.666666666666667 90 72 5
72 40 6.666666666666667 6.666666666666667 6.666666666666667 98 72 0
94 353 6.666666666666667 6.666666666666667 6.666666666666667 42 37 8,4
97 304 6.666666666666667 6.666666666666667 6.666666666666667 43 14 1,2,4
105 390 6.666666666666667 6.666666666666667 6.666666666666667 37 11 6,9,6
136 205 6.666666666666667 6.666666666666667 6.666666666666667 82 51 6,1
185 3 6.666666666666667 6.666666666666667 6.666666666666667 50 76 6,0
191 415 6.666666666666667 6.666666666666667 6.666666666666667 78 19 9,5
196 681 6.666666666666667 6.666666666666667 6.666666666666667 51 55 4
198 281 6.666666666666667 6.666666666666667 6.666666666666667 80 93 5,1,7
214 184 6.666666666666667 6.666666666666667 6.666666666666667 11 82 2,1
236 1634 6.666666666666667 6.666666666666667 6.666666666666667 50 6 5,6,0
260 105 6.666666666666667 6.666666666666667 6.666666666666667 76 38 4,7,6
280 501 6.666666666666667 6.666666666666667 6.666666666666667 48 11 1
299 164 6.666666666666667 6.666666666666667 6.666666666666667 41 48 5,7
307 560 6.666666666666667 6.666666666666667 6.666666666666667 28 52 4,2
322 1055 6.666666666666667 6.666666666666667 6.666666666666667 82 12 4,6
325 87 6.666666666666667 6.666666666666667 6.666666666666667 89 45 4,0,2
327 14 6.666666666666667 6.666666666666667 6.666666666666667 7 51 8,3
330 828 6.666666666666667 6.666666666666667 6.666666666666667 70 7 4,7
335 836 6.666666666666667 6.666666666666667 6.666666666666667 95 58 5,9,0
337 189 6.666666666666667 6.666666666666667 6.666666666666667 78 36 9,8
342 882 6.666666666666667 6.666666666666667 6.666666666666667 18 102 7,8
353 499 6.666666666666667 6.666666666666667 6.666666666666667 64 73 2,4
354 329 6.666666666666667 6.666666666666667 6.666666666666667 45 25 1,5,6
372 729 6.666666666666667 6.666666666666667 6.666666666666667 42 22 9,5,4
373 606 6.666666666666667 6.666666666666667 6.666666666666667 30 91 5,9,0
399 1413 6.666666666666667 6.666666666666667 6.666666666666667 6 38 2,3,5
414 106 6.666666666666667 6.666666666666667 6.666666666666667 61 98 3,8
