30
0 374 6.666666666666667 6.666666666666667 6.666666666666667 22 8 4,7
48 759 6.666666666666667 6.666666666666667 6.666666666666667 21 79 1,9,2
64 504 6.666666666666667 6.666666666666667 6.666666666666667 21 0 0
70 1560 6.666666666666667 6.666666666666667 6.666666666666667 87 35 6
86 460 6.666666666666667 6.666666666666667 6.666666666666667 50 45 5
89 1069 6.666666666666667 6.666666666666667 6.666666666666667 11 48 6,4,3
108 30 6.666666666666667 6.666666666666667 6.666666666666667 13 74 2,7,0
155 115 6.666666666666667 6.666666666666667 6.666666666666667 36 37 1,3
178 305 6.666666666666667 6.666666666666667 6.666666666666667 15 0 4,3
233 645 6.666666666666667 6.666666666666667 6.666666666666667 58 54 9
239 977 6.666666666666667 6.666666666666667 6.666666666666667 14 3 2,7
255 1506 6.666666666666667 6.666666666666667 6.666666666666667 11 15 4
262 567 6.666666666666667 6.666666666666667 6.666666666666667 62 11 5
275 745 6.666666666666667 6.666666666666667 6.666666666666667 17 83 7,4,0
296 309 6.666666666666667 6.666666666666667 6.666666666666667 83 1 5,4,3
321 793 6.666666666666667 6.666666666666667 6.666666666666667 10 21 5,2
336 1109 6.666666666666667 6.666666666666667 6.666666666666667 36 69 6,5
344 164 6.666666666666667 6.666666666666667 6.666666666666667 24 87 0,5
352 11 6.666666666666667 6.666666666666667 6.666666666666667 10 9 6,1,4
362 475 6.666666666666667 6.666666666666667 6.666666666666667 62 29 6
374 1792 6.666666666666667 6.666666666666667 6.666666666666667 13 56 6
425 1658 6.666666666666667 6.666666666666667 6.666666666666667 22 65 7
444 3 6.666666666666667 6.666666666666667 6.666666666666667 7 57 0,4
445 320 6.666666666666667 6.666666666666667 6.666666666666667 30 37 3,4,5
487 20 6.666666666666667 6.666666666666667 6.666666666666667 101 11 7
494 828 6.666666666666667 6.666666666666667 6.666666666666667 62 34 7
519 493 6.666666666666667 6.666666666666667 6.666666666666667 6 17 1,6
536 304 6.666666666666667 6.666666666666667 6.666666666666667 43 6 3,2
602 684 6.666666666666667 6.666666666666667 6.666666666666667 21 56 2,7
606 41 6.666666666666667 6.666666666666667 6.666666666666667 23 25 0,1
