20
0 28 10.0 10.0 10.0 88 86 0
57 190 10.0 10.0 10.0 38 63 0,6
61 1067 10.0 10.0 10.0 41 63 0
65 685 10.0 10.0 10.0 9 84 0
71 404 10.0 10.0 10.0 42 40 9,4,7
89 108 10.0 10.0 10.0 27 97 8,9
100 345 10.0 10.0 10.0 85 6 2,9,7
115 782 10.0 10.0 10.0 64 62 5,7
145 700 10.0 10.0 10.0 78 90 6,1,8
155 49 10.0 10.0 10.0 56 65 1,9,2
183 188 10.0 10.0 10.0 22 58 4,8
204 10 10.0 10.0 10.0 21 72 3
216 237 10.0 10.0 10.0 21 100 7,3
263 161 10.0 10.0 10.0 22 56 9
265 248 10.0 10.0 10.0 49 102 6,9
283 408 10.0 10.0 10.0 75 95 0,8
290 441 10.0 10.0 10.0 58 88 0,1,3
314 2228 10.0 10.0 10.0 44 60 6,8,7
319 56 10.0 10.0 10.0 35 71 1
331 401 10.0 10.0 10.0 7 59 9,7
