30
0 193 6.666666666666667 6.666666666666667 6.666666666666667 81 64 0,6
15 693 6.666666666666667 6.666666666666667 6.666666666666667 35 2 4,8,6
26 660 6.666666666666667 6.666666666666667 6.666666666666667 64 38 8
44 225 6.666666666666667 6.666666666666667 6.666666666666667 87 0 1,0,7
62 27 6.666666666666667 6.666666666666667 6.666666666666667 92 4 4
85 457 6.666666666666667 6.666666666666667 6.666666666666667 100 79 2,3,8
98 986 6.666666666666667 6.666666666666667 6.666666666666667 38 27 8
100 1823 6.666666666666667 6.666666666666667 6.666666666666667 54 39 5,7,6
102 286 6.666666666666667 6.666666666666667 6.666666666666667 97 43 9,2
144 1009 6.666666666666667 6.666666666666667 6.666666666666667 64 48 1,3,6
152 203 6.666666666666667 6.666666666666667 6.666666666666667 95 14 5
164 289 6.666666666666667 6.666666666666667 6.666666666666667 44 89 3,7
170 161 6.666666666666667 6.666666666666667 6.666666666666667 0 55 7,6
197 334 6.666666666666667 6.666666666666667 6.666666666666667 45 1 1,6,4
203 157 6.666666666666667 6.666666666666667 6.666666666666667 44 4 8,4
211 219 6.666666666666667 6.666666666666667 6.666666666666667 2 88 1,0,7
235 697 6.666666666666667 6.666666666666667 6.666666666666667 10 35 6,0
242 420 6.666666666666667 6.666666666666667 6.666666666666667 102 42 5
254 169 6.666666666666667 6.666666666666667 6.666666666666667 71 14 9,8
270 176 6.666666666666667 6.666666666666667 6.666666666666667 16 35 0,6,3
287 512 6.666666666666667 6.666666666666667 6.666666666666667 88 8 3,7
288 193 6.666666666666667 6.666666666666667 6.666666666666667 91 44 8,1,0
292 47 6.666666666666667 6.666666666666667 6.666666666666667 38 43 7,5
299 287 6.666666666666667 6.666666666666667 6.666666666666667 88 13 2
310 821 6.666666666666667 6.666666666666667 6.666666666666667 21 55 4,0,3
313 451 6.666666666666667 6.666666666666667 6.666666666666667 43 87 0,6,0
321 118 6.666666666666667 6.666666666666667 6.666666666666667 67 52 4,2
323 138 6.666666666666667 6.666666666666667 6.666666666666667 66 89 5,7
379 249 6.666666666666667 6.666666666666667 6.666666666666667 28 83 7,8
380 740 6.666666666666667 6.666666666666667 6.666666666666667 88 89 1,5
