30
0 567 6.666666666666667 6.666666666666667 6.666666666666667 18 51 9,8,7
36 1276 6.666666666666667 6.666666666666667 6.666666666666667 27 7 0,2,8
63 146 6.666666666666667 6.666666666666667 6.666666666666667 27 21 1,6
70 98 6.666666666666667 6.666666666666667 6.666666666666667 60 90 3,5
80 291 6.666666666666667 6.666666666666667 6.666666666666667 7 73 1
82 61 6.666666666666667 6.666666666666667 6.666666666666667 61 103 3,1,7
88 128 6.666666666666667 6.666666666666667 6.666666666666667 78 8 1,3,5
94 386 6.666666666666667 6.666666666666667 6.666666666666667 95 19 5,8
110 3088 6.666666666666667 6.666666666666667 6.666666666666667 42 61 5,9
116 716 6.666666666666667 6.666666666666667 6.666666666666667 11 22 9,1
128 381 6.666666666666667 6.666666666666667 6.666666666666667 95 52 2,0
213 161 6.666666666666667 6.666666666666667 6.666666666666667 60 103 3
221 658 6.666666666666667 6.666666666666667 6.666666666666667 89 34 4
277 276 6.666666666666667 6.666666666666667 6.666666666666667 13 76 3,4
288 65 6.666666666666667 6.666666666666667 6.666666666666667 23 21 6,5,0
298 131 6.666666666666667 6.666666666666667 6.666666666666667 70 102 0,7
311 207 6.666666666666667 6.666666666666667 6.666666666666667 12 26 8
312 769 6.666666666666667 6.666666666666667 6.666666666666667 70 99 4
366 140 6.666666666666667 6.666666666666667 6.666666666666667 48 26 3
387 568 6.666666666666667 6.666666666666667 6.666666666666667 45 39 9
551 70 6.666666666666667 6.666666666666667 6.666666666666667 42 2 1,9
590 488 6.666666666666667 6.666666666666667 6.666666666666667 72 45 9,8,2
598 1695 6.666666666666667 6.666666666666667 6.666666666666667 96 23 1,0,8
635 161 6.666666666666667 6.666666666666667 6.666666666666667 52 47 3
669 715 6.666666666666667 6.666666666666667 6.666666666666667 102 18 3,1,2
680 274 6.666666666666667 6.666666666666667 6.666666666666667 19 59 8,1
685 92 6.666666666666667 6.666666666666667 6.666666666666667 19 13 8,3,4
715 326 6.666666666666667 6.666666666666667 6.666666666666667 56 27 8
719 1059 6.666666666666667 6.666666666666667 6.666666666666667 6 90 8,3
728 519 6.666666666666667 6.666666666666667 6.666666666666667 38 43 6,4
