30
0 918 6.666666666666667 6.666666666666667 6.666666666666667 12 16 6,5
13 206 6.666666666666667 6.666666666666667 6.666666666666667 1 84 5
14 325 6.666666666666667 6.666666666666667 6.666666666666667 8 64 2
37 177 6.666666666666667 6.666666666666667 6.666666666666667 77 48 7,1
60 102 6.666666666666667 6.666666666666667 6.666666666666667 1 52 6,1
82 36 6.666666666666667 6.666666666666667 6.666666666666667 1 63 4,6
85 399 6.666666666666667 6.666666666666667 6.666666666666667 45 68 1
122 1226 6.666666666666667 6.666666666666667 6.666666666666667 80 34 7,4,2
129 443 6.666666666666667 6.666666666666667 6.666666666666667 12 11 8,4
130 645 6.666666666666667 6.666666666666667 6.666666666666667 56 49 1
143 109 6.666666666666667 6.666666666666667 6.666666666666667 68 45 1,0
154 2 6.666666666666667 6.666666666666667 6.666666666666667 52 76 8,0
211 370 6.666666666666667 6.666666666666667 6.666666666666667 64 37 3,2,0
240 676 6.666666666666667 6.666666666666667 6.666666666666667 81 68 5,9,5
249 605 6.666666666666667 6.666666666666667 6.666666666666667 100 80 9,8
258 562 6.666666666666667 6.666666666666667 6.666666666666667 36 42 0,7
299 901 6.666666666666667 6.666666666666667 6.666666666666667 23 37 7,1,7
316 5 6.666666666666667 6.666666666666667 6.666666666666667 19 48 2,1,0
324 624 6.666666666666667 6.666666666666667 6.666666666666667 52 72 2,1
325 334 6.666666666666667 6.666666666666667 6.666666666666667 10 49 0,9
329 220 6.666666666666667 6.666666666666667 6.666666666666667 67 98 5,3,8
332 489 6.666666666666667 6.666666666666667 6.666666666666667 38 56 1,4,5
339 487 6.666666666666667 6.666666666666667 6.666666666666667 92 47 4,3,2
361 508 6.666666666666667 6.666666666666667 6.666666666666667 61 44 1,4
363 451 6.666666666666667 6.666666666666667 6.666666666666667 6 58 3,2
396 752 6.666666666666667 6.666666666666667 6.666666666666667 19 0 4
409 171 6.666666666666667 6.666666666666667 6.666666666666667 0 62 7,8,2
419 85 6.666666666666667 6.666666666666667 6.666666666666667 19 63 2,0,5
431 452 6.666666666666667 6.666666666666667 6.666666666666667 85 23 1
437 32 6.666666666666667 6.666666666666667 6.666666666666667 13 103 2
