30
0 1953 6.666666666666667 6.666666666666667 6.666666666666667 39 61 1,8
8 682 6.666666666666667 6.666666666666667 6.666666666666667 69 27 2
9 55 6.666666666666667 6.666666666666667 6.666666666666667 80 86 0,5,4
38 308 6.666666666666667 6.666666666666667 6.666666666666667 11 72 9,4
55 163 6.666666666666667 6.666666666666667 6.666666666666667 1 99 4
133 68 6.666666666666667 6.666666666666667 6.666666666666667 41 90 5,0
164 627 6.666666666666667 6.666666666666667 6.666666666666667 29 96 4
170 769 6.666666666666667 6.666666666666667 6.666666666666667 87 42 3
221 4 6.666666666666667 6.666666666666667 6.666666666666667 52 80 0
281 88 6.666666666666667 6.666666666666667 6.666666666666667 11 71 0,8,4
296 286 6.666666666666667 6.666666666666667 6.666666666666667 21 76 1
349 338 6.666666666666667 6.666666666666667 6.666666666666667 77 19 8,4,8
354 86 6.666666666666667 6.666666666666667 6.666666666666667 22 21 4,7
358 1715 6.666666666666667 6.666666666666667 6.666666666666667 85 82 0,1,5
366 2604 6.666666666666667 6.666666666666667 6.666666666666667 30 50 5,2
372 598 6.666666666666667 6.666666666666667 6.666666666666667 97 0 1,5,8
374 455 6.666666666666667 6.666666666666667 6.666666666666667 97 60 0
380 1077 6.666666666666667 6.666666666666667 6.666666666666667 80 28 7,5,7
394 527 6.666666666666667 6.666666666666667 6.666666666666667 10 64 9,0
395 1874 6.666666666666667 6.666666666666667 6.666666666666667 57 54 3,1
406 369 6.666666666666667 6.666666666666667 6.666666666666667 103 41 5,3,4
413 1119 6.666666666666667 6.666666666666667 6.666666666666667 57 51 4,2,5
423 11 6.666666666666667 6.666666666666667 6.666666666666667 90 82 6,4,7
425 290 6.666666666666667 6.666666666666667 6.666666666666667 25 24 5
459 1143 6.666666666666667 6.666666666666667 6.666666666666667 38 28 0,2
520 439 6.666666666666667 6.666666666666667 6.666666666666667 30 55 1,9,8
555 556 6.666666666666667 6.666666666666667 6.666666666666667 41 29 5,2,6
568 86 6.666666666666667 6.666666666666667 6.666666666666667 49 47 4
581 386 6.666666666666667 6.666666666666667 6.666666666666667 74 76 6,5,7
583 89 6.666666666666667 6.666666666666667 6.666666666666667 23 47 7
