20
0 551 10.0 10.0 10.0 43 71 2,5
0 92 10.0 10.0 10.0 36 88 0
31 711 10.0 10.0 10.0 43 66 2,6,7
39 116 10.0 10.0 10.0 37 42 7,6,9
47 271 10.0 10.0 10.0 98 63 5
48 1086 10.0 10.0 10.0 56 59 8,5
62 107 10.0 10.0 10.0 53 7 0,2,9
64 499 10.0 10.0 10.0 64 36 3,2
78 790 10.0 10.0 10.0 103 42 7,2
89 97 10.0 10.0 10.0 96 56 8
126 147 10.0 10.0 10.0 58 50 1,3
132 45 10.0 10.0 10.0 95 5 1
161 114 10.0 10.0 10.0 44 103 6
164 185 10.0 10.0 10.0 48 88 3,2
171 587 10.0 10.0 10.0 37 5 9,4,0
200 1039 10.0 10.0 10.0 76 44 8
213 234 10.0 10.0 10.0 16 77 6,3,1
215 29 10.0 10.0 10.0 56 90 5
226 328 10.0 10.0 10.0 47 14 6,7
254 13 10.0 10.0 10.0 102 6 4
