20
0 9 10.0 10.0 10.0 20 4 5,4
19 1101 10.0 10.0 10.0 0 24 2,9
26 1360 10.0 10.0 10.0 53 81 6,7,3
53 55 10.0 10.0 10.0 49 79 2
71 720 10.0 10.0 10.0 30 62 6,5,0
104 203 10.0 10.0 10.0 86 65 0,4,8
108 893 10.0 10.0 10.0 18 7 7,5,7
128 304 10.0 10.0 10.0 50 1 0
177 52 10.0 10.0 10.0 83 33 7,3
184 633 10.0 10.0 10.0 56 4 0,6,1
211 204 10.0 10.0 10.0 67 57 0,9
234 60 10.0 10.0 10.0 86 49 8,3
236 326 10.0 10.0 10.0 74 52 0
252 44 10.0 10.0 10.0 41 56 7,6,4
334 632 10.0 10.0 10.0 35 23 7
355 318 10.0 10.0 10.0 74 101 7,5
369 57 10.0 10.0 10.0 60 68 6,7,0
375 96 10.0 10.0 10.0 20 34 8
406 74 10.0 10.0 10.0 45 2 7,5,3
417 642 10.0 10.0 10.0 46 87 8,3,0
