20
0 244 10.0 10.0 10.0 6 69 7,6,3
8 591 10.0 10.0 10.0 3 67 5,7
21 230 10.0 10.0 10.0 63 40 4,6,9
37 385 10.0 10.0 10.0 26 72 8,0
66 382 10.0 10.0 10.0 69 31 0
97 820 10.0 10.0 10.0 30 34 3,6
102 39 10.0 10.0 10.0 77 74 5,4,2
157 553 10.0 10.0 10.0 94 58 5,3
158 66 10.0 10.0 10.0 32 60 4,0
175 1461 10.0 10.0 10.0 74 71 9,5
188 98 10.0 10.0 10.0 72 34 7
190 526 10.0 10.0 10.0 90 78 1,7,8
197 819 10.0 10.0 10.0 16 8 1,0
199 136 10.0 10.0 10.0 40 24 1
200 309 10.0 10.0 10.0 30 6 6,8,4
202 356 10.0 10.0 10.0 86 72 3
251 98 10.0 10.0 10.0 51 4 9,5
255 2362 10.0 10.0 10.0 0 38 0
281 210 10.0 10.0 10.0 21 62 8
350 475 10.0 10.0 10.0 20 95 8,4
