30
0 35 6.666666666666667 6.666666666666667 6.666666666666667 94 63 0
11 290 6.666666666666667 6.666666666666667 6.666666666666667 52 40 6,4,0
26 332 6.666666666666667 6.666666666666667 6.666666666666667 73 45 3,8,0
29 78 6.666666666666667 6.666666666666667 6.666666666666667 76 44 5,3,9
40 48 6.666666666666667 6.666666666666667 6.666666666666667 6 20 5,6
44 169 6.666666666666667 6.666666666666667 6.666666666666667 56 41 2,1
45 399 6.666666666666667 6.666666666666667 6.666666666666667 37 100 0
55 685 6.666666666666667 6.666666666666667 6.666666666666667 11 86 0,5,3
57 358 6.666666666666667 6.666666666666667 6.666666666666667 102 52 1
132 1631 6.666666666666667 6.666666666666667 6.666666666666667 42 72 4
141 83 6.666666666666667 6.666666666666667 6.666666666666667 14 98 8,9
155 95 6.666666666666667 6.666666666666667 6.666666666666667 42 20 6,7
176 453 6.666666666666667 6.666666666666667 6.666666666666667 29 58 1
232 799 6.666666666666667 6.666666666666667 6.666666666666667 11 47 4
237 207 6.666666666666667 6.666666666666667 6.666666666666667 43 60 3
250 336 6.666666666666667 6.666666666666667 6.666666666666667 27 72 0,5,6
257 152 6.666666666666667 6.666666666666667 6.666666666666667 83 8 2
259 765 6.666666666666667 6.666666666666667 6.666666666666667 82 57 7
286 300 6.666666666666667 6.666666666666667 6.666666666666667 61 11 4,6
301 101 6.666666666666667 6.666666666666667 6.666666666666667 61 15 1
315 1094 6.666666666666667 6.666666666666667 6.666666666666667 11 74 9,5,7
320 299 6.666666666666667 6.666666666666667 6.666666666666667 49 85 0
323 681 6.666666666666667 6.666666666666667 6.666666666666667 98 73 1
340 457 6.666666666666667 6.666666666666667 6.666666666666667 2 55 0,1,3
346 50 6.666666666666667 6.666666666666667 6.666666666666667 15 18 2,9
359 100 6.666666666666667 6.666666666666667 6.666666666666667 76 61 4
411 480 6.666666666666667 6.666666666666667 6.666666666666667 97 47 4
429 615 6.666666666666667 6.666666666666667 6.666666666666667 49 50 9,7,6
482 222 6.666666666666667 6.666666666666667 6.666666666666667 68 63 8,3
488 278 6.666666666666667 6.666666666666667 6.666666666666667 65 88 4,5
