30
0 180 6.666666666666667 6.666666666666667 6.666666666666667 28 57 9,3
22 1789 6.666666666666667 6.666666666666667 6.666666666666667 35 57 5,9
37 262 6.666666666666667 6.666666666666667 6.666666666666667 59 65 8
65 19 6.666666666666667 6.666666666666667 6.666666666666667 35 23 5,4,9
66 2577 6.666666666666667 6.666666666666667 6.666666666666667 25 21 4
113 60 6.666666666666667 6.666666666666667 6.666666666666667 8 60 4,7,3
119 1314 6.666666666666667 6.666666666666667 6.666666666666667 56 55 5
128 1315 6.666666666666667 6.666666666666667 6.666666666666667 53 43 5,3,2
150 600 6.666666666666667 6.666666666666667 6.666666666666667 58 29 7,4,8
244 459 6.666666666666667 6.666666666666667 6.666666666666667 10 5 9
246 406 6.666666666666667 6.666666666666667 6.666666666666667 61 54 2,9
248 108 6.666666666666667 6.666666666666667 6.666666666666667 62 64 1,6
285 393 6.666666666666667 6.666666666666667 6.666666666666667 5 26 4,1,5
342 502 6.666666666666667 6.666666666666667 6.666666666666667 84 21 9,0
353 205 6.666666666666667 6.666666666666667 6.666666666666667 84 16 6,2,0
364 168 6.666666666666667 6.666666666666667 6.666666666666667 41 65 9,6
367 259 6.666666666666667 6.666666666666667 6.666666666666667 84 16 9
401 430 6.666666666666667 6.666666666666667 6.666666666666667 50 74 4
407 1023 6.666666666666667 6.666666666666667 6.666666666666667 6 46 8
412 912 6.666666666666667 6.666666666666667 6.666666666666667 87 64 5,8,7
423 68 6.666666666666667 6.666666666666667 6.666666666666667 34 87 5,4,5
423 615 6.666666666666667 6.666666666666667 6.666666666666667 16 7 6,4
439 2602 6.666666666666667 6.666666666666667 6.666666666666667 60 79 9
468 372 6.666666666666667 6.666666666666667 6.666666666666667 60 46 4,8
470 1932 6.666666666666667 6.666666666666667 6.666666666666667 31 84 9,3,9
478 2115 6.666666666666667 6.666666666666667 6.666666666666667 11 61 9,6
485 531 6.666666666666667 6.666666666666667 6.666666666666667 48 22 6,2
490 83 6.666666666666667 6.666666666666667 6.666666666666667 46 79 6,4
494 1628 6.666666666666667 6.666666666666667 6.666666666666667 7 25 4,9,1
504 1043 6.666666666666667 6.666666666666667 6.666666666666667 16 11 8,5
