30
0 271 6.666666666666667 6.666666666666667 6.666666666666667 25 10 9
17 330 6.666666666666667 6.666666666666667 6.666666666666667 36 63 0
67 40 6.666666666666667 6.666666666666667 6.666666666666667 96 90 7,8
80 255 6.666666666666667 6.666666666666667 6.666666666666667 48 56 4,7,9
108 474 6.666666666666667 6.666666666666667 6.666666666666667 72 23 1
137 139 6.666666666666667 6.666666666666667 6.666666666666667 14 78 9,4
139 136 6.666666666666667 6.666666666666667 6.666666666666667 53 60 5
142 123 6.666666666666667 6.666666666666667 6.666666666666667 73 98 7,2
180 422 6.666666666666667 6.666666666666667 6.666666666666667 2 100 4,2
228 777 6.666666666666667 6.666666666666667 6.666666666666667 6 45 2,7
269 636 6.666666666666667 6.666666666666667 6.666666666666667 73 61 6
269 48 6.666666666666667 6.666666666666667 6.666666666666667 10 30 3,7,2
270 139 6.666666666666667 6.666666666666667 6.666666666666667 44 58 8
273 376 6.666666666666667 6.666666666666667 6.666666666666667 30 5 1,7,6
277 131 6.666666666666667 6.666666666666667 6.666666666666667 1 70 1
278 1840 6.666666666666667 6.666666666666667 6.666666666666667 44 98 1
278 1155 6.666666666666667 6.666666666666667 6.666666666666667 51 61 3
280 267 6.666666666666667 6.666666666666667 6.666666666666667 55 50 3,8,5
355 343 6.666666666666667 6.666666666666667 6.666666666666667 55 27 1,9
382 730 6.666666666666667 6.666666666666667 6.666666666666667 13 50 4
420 70 6.666666666666667 6.666666666666667 6.666666666666667 21 5 6,9
434 254 6.666666666666667 6.666666666666667 6.666666666666667 48 43 0,1
458 133 6.666666666666667 6.666666666666667 6.666666666666667 22 64 3,0,3
486 956 6.666666666666667 6.666666666666667 6.666666666666667 44 45 9,7,1
518 24 6.666666666666667 6.666666666666667 6.666666666666667 56 2 8,0
519 161 6.666666666666667 6.666666666666667 6.666666666666667 47 41 1,0
546 447 6.666666666666667 6.666666666666667 6.666666666666667 45 73 9
554 325 6.666666666666667 6.666666666666667 6.666666666666667 24 2 1
647 334 6.666666666666667 6.666666666666667 6.666666666666667 11 8 5,3
672 725 6.666666666666667 6.666666666666667 6.666666666666667 31 26 4,0,6
