30
0 302 6.666666666666667 6.666666666666667 6.666666666666667 54 6 8,6,8
61 441 6.666666666666667 6.666666666666667 6.666666666666667 16 87 6,7,2
66 667 6.666666666666667 6.666666666666667 6.666666666666667 83 68 4,1
95 725 6.666666666666667 6.666666666666667 6.666666666666667 46 24 9
96 108 6.666666666666667 6.666666666666667 6.666666666666667 94 58 6
152 562 6.666666666666667 6.666666666666667 6.666666666666667 50 20 7,0
200 209 6.666666666666667 6.666666666666667 6.666666666666667 57 36 8
201 186 6.666666666666667 6.666666666666667 6.666666666666667 35 57 5,3
284 483 6.666666666666667 6.666666666666667 6.666666666666667 19 7 2
297 93 6.666666666666667 6.666666666666667 6.666666666666667 74 40 6
299 85 6.666666666666667 6.666666666666667 6.666666666666667 25 29 1,3,9
302 545 6.666666666666667 6.666666666666667 6.666666666666667 21 56 1,2
309 182 6.666666666666667 6.666666666666667 6.666666666666667 32 75 4,3,7
313 308 6.666666666666667 6.666666666666667 6.666666666666667 81 35 5
320 920 6.666666666666667 6.666666666666667 6.666666666666667 50 59 8
323 318 6.666666666666667 6.666666666666667 6.666666666666667 86 62 3,0
337 19 6.666666666666667 6.666666666666667 6.666666666666667 11 6 3,7
350 509 6.666666666666667 6.666666666666667 6.666666666666667 5 20 5
363 101 6.666666666666667 6.666666666666667 6.666666666666667 20 69 9
467 106 6.666666666666667 6.666666666666667 6.666666666666667 30 1 5,6
472 614 6.666666666666667 6.666666666666667 6.666666666666667 28 29 0
473 1844 6.666666666666667 6.666666666666667 6.666666666666667 58 55 9,8
496 284 6.666666666666667 6.666666666666667 6.666666666666667 35 1 5
496 1296 6.666666666666667 6.666666666666667 6.666666666666667 3 64 5,2
499 99 6.666666666666667 6.666666666666667 6.666666666666667 41 65 1
515 370 6.666666666666667 6.666666666666667 6.666666666666667 68 40 4,2
557 792 6.666666666666667 6.666666666666667 6.666666666666667 58 1 8,7,3
585 155 6.666666666666667 6.666666666666667 6.666666666666667 81 45 6,4
586 1232 6.666666666666667 6.666666666666667 6.666666666666667 28 40 1,0,9
595 1212 6.666666666666667 6.666666666666667 6.666666666666667 43 37 3,0
