20
0 154 10.0 10.0 10.0 48 57 0,7,9
23 443 10.0 10.0 10.0 1 64 0
79 620 10.0 10.0 10.0 12 48 3
84 472 10.0 10.0 10.0 79 10 4,6
86 999 10.0 10.0 10.0 13 75 9
97 70 10.0 10.0 10.0 85 14 6,0,6
170 910 10.0 10.0 10.0 0 12 0
177 2465 10.0 10.0 10.0 83 33 6
184 484 10.0 10.0 10.0 26 31 8,3
188 67 10.0 10.0 10.0 94 45 0
199 166 10.0 10.0 10.0 81 9 8
210 957 10.0 10.0 10.0 20 46 4
220 36 10.0 10.0 10.0 6 60 7,5,0
235 333 10.0 10.0 10.0 74 81 8
258 103 10.0 10.0 10.0 84 18 5,3
261 622 10.0 10.0 10.0 26 41 8,5,1
269 610 10.0 10.0 10.0 14 59 3
277 2364 10.0 10.0 10.0 85 9 6
311 1251 10.0 10.0 10.0 32 33 6
315 136 10.0 10.0 10.0 86 2 4,7
