20
0 479 10.0 10.0 10.0 74 12 1
41 743 10.0 10.0 10.0 41 14 8
53 319 10.0 10.0 10.0 51 5 0
77 821 10.0 10.0 10.0 35 23 3,7,2
79 1916 10.0 10.0 10.0 11 51 5,7,5
84 673 10.0 10.0 10.0 51 59 5,3
90 19 10.0 10.0 10.0 44 55 8,9
98 7 10.0 10.0 10.0 23 35 6,3
100 92 10.0 10.0 10.0 49 9 3,6
163 116 10.0 10.0 10.0 24 74 2,6,8
167 150 10.0 10.0 10.0 11 69 4
188 104 10.0 10.0 10.0 50 63 6,2
196 573 10.0 10.0 10.0 45 51 6,9,5
211 493 10.0 10.0 10.0 24 57 4,3
235 131 10.0 10.0 10.0 55 66 5,2,8
241 787 10.0 10.0 10.0 44 41 2,5
248 1225 10.0 10.0 10.0 55 34 6,2
258 758 10.0 10.0 10.0 32 48 5,2
272 167 10.0 10.0 10.0 24 13 1,0
282 185 10.0 10.0 10.0 21 41 1
