20
0 275 10.0 10.0 10.0 47 71 8
6 369 10.0 10.0 10.0 45 14 1,6,2
35 768 10.0 10.0 10.0 73 9 7,8
50 387 10.0 10.0 10.0 51 63 5,3,2
57 761 10.0 10.0 10.0 47 26 7,3,0
71 329 10.0 10.0 10.0 48 60 3,7,0
92 103 10.0 10.0 10.0 58 57 9,3,8
145 988 10.0 10.0 10.0 67 10 3
161 1164 10.0 10.0 10.0 21 33 3
162 93 10.0 10.0 10.0 49 65 6
167 54 10.0 10.0 10.0 48 72 2,3,0
178 1227 10.0 10.0 10.0 50 51 2,7
188 1355 10.0 10.0 10.0 20 36 0,9
195 1405 10.0 10.0 10.0 45 23 2
200 401 10.0 10.0 10.0 2 65 8,9
212 226 10.0 10.0 10.0 44 5 7,4,1
221 172 10.0 10.0 10.0 64 52 8,0
251 357 10.0 10.0 10.0 21 67 9
284 71 10.0 10.0 10.0 46 9 5
303 316 10.0 10.0 10.0 19 9 7,8,1
