20
0 1531 10.0 10.0 10.0 58 30 4
4 203 10.0 10.0 10.0 53 44 9,7
23 259 10.0 10.0 10.0 62 64 4
32 450 10.0 10.0 10.0 63 64 0,3,5
43 148 10.0 10.0 10.0 5 48 3,6,5
50 151 10.0 10.0 10.0 58 73 3,0,6
56 2168 10.0 10.0 10.0 4 48 9,7,4
70 130 10.0 10.0 10.0 30 45 4,5,9
121 183 10.0 10.0 10.0 63 51 1
134 106 10.0 10.0 10.0 60 74 5
161 95 10.0 10.0 10.0 61 54 6,1,2
169 279 10.0 10.0 10.0 19 49 3,4
170 1515 10.0 10.0 10.0 43 47 3,1
179 152 10.0 10.0 10.0 37 74 8
183 1238 10.0 10.0 10.0 19 9 3,1,0
184 21 10.0 10.0 10.0 4 63 1
196 719 10.0 10.0 10.0 23 44 3,7,1
201 1802 10.0 10.0 10.0 58 49 6,5
202 204 10.0 10.0 10.0 51 60 9,8
210 241 10.0 10.0 10.0 44 58 3
