20
0 374 10.0 10.0 10.0 11 18 7
6 1083 10.0 10.0 10.0 4 21 7
17 182 10.0 10.0 10.0 26 19 3
38 53 10.0 10.0 10.0 28 7 1,3
46 271 10.0 10.0 10.0 29 4 5,4,8
94 279 10.0 10.0 10.0 3 0 6,2
96 687 10.0 10.0 10.0 29 38 9,7,1
118 25 10.0 10.0 10.0 29 48 2
151 78 10.0 10.0 10.0 0 38 2
155 907 10.0 10.0 10.0 21 40 0
160 114 10.0 10.0 10.0 0 9 3,5
182 695 10.0 10.0 10.0 2 25 9
198 1202 10.0 10.0 10.0 29 62 7,5,9
282 371 10.0 10.0 10.0 37 9 1
283 75 10.0 10.0 10.0 4 14 3,1,7
293 71 10.0 10.0 10.0 18 23 9
432 1550 10.0 10.0 10.0 46 22 8,0
466 919 10.0 10.0 10.0 4 10 4,8
494 167 10.0 10.0 10.0 12 48 4,2
545 1003 10.0 10.0 10.0 29 7 8,4,6
