30
0 189 6.666666666666667 6.666666666666667 6.666666666666667 23 74 8,5
6 612 6.666666666666667 6.666666666666667 6.666666666666667 71 1 2,0,9
116 557 6.666666666666667 6.666666666666667 6.666666666666667 47 26 8,3,5
116 177 6.666666666666667 6.666666666666667 6.666666666666667 19 65 6,5
142 36 6.666666666666667 6.666666666666667 6.666666666666667 42 66 8,7
174 78 6.666666666666667 6.666666666666667 6.666666666666667 74 22 0,9
176 478 6.666666666666667 6.666666666666667 6.666666666666667 52 58 4,1,4
191 1736 6.666666666666667 6.666666666666667 6.666666666666667 58 60 3
237 2776 6.666666666666667 6.666666666666667 6.666666666666667 62 71 9,6
255 556 6.666666666666667 6.666666666666667 6.666666666666667 74 71 6
316 394 6.666666666666667 6.666666666666667 6.666666666666667 19 43 4,1,6
379 340 6.666666666666667 6.666666666666667 6.666666666666667 36 21 6
400 68 6.666666666666667 6.666666666666667 6.666666666666667 55 69 8,0,8
414 416 6.666666666666667 6.666666666666667 6.666666666666667 55 61 3
458 480 6.666666666666667 6.666666666666667 6.666666666666667 47 21 3,0
472 136 6.666666666666667 6.666666666666667 6.666666666666667 61 2 2
475 485 6.666666666666667 6.666666666666667 6.666666666666667 5 67 6,4
487 295 6.666666666666667 6.666666666666667 6.666666666666667 9 22 3,1,3
559 210 6.666666666666667 6.666666666666667 6.666666666666667 53 63 7,1,3
572 171 6.666666666666667 6.666666666666667 6.666666666666667 65 48 7,0
577 24 6.666666666666667 6.666666666666667 6.666666666666667 5 51 8,4
582 805 6.666666666666667 6.666666666666667 6.666666666666667 30 71 0,7
593 684 6.666666666666667 6.666666666666667 6.666666666666667 41 44 7,8
635 12 6.666666666666667 6.666666666666667 6.666666666666667 9 72 5
638 484 6.666666666666667 6.666666666666667 6.666666666666667 7 23 9,6
648 20 6.666666666666667 6.666666666666667 6.666666666666667 53 37 5,7
656 22 6.666666666666667 6.666666666666667 6.666666666666667 53 46 3
657 572 6.666666666666667 6.666666666666667 6.666666666666667 4 33 1
659 2574 6.666666666666667 6.666666666666667 6.666666666666667 7 30 5
676 1687 6.666666666666667 6.666666666666667 6.666666666666667 41 57 1
