20
0 29 10.0 10.0 10.0 66 46 7,3,5
15 606 10.0 10.0 10.0 69 59 2
25 123 10.0 10.0 10.0 27 7 3
28 258 10.0 10.0 10.0 72 19 2,8
29 556 10.0 10.0 10.0 33 57 9,6,3
43 107 10.0 10.0 10.0 21 52 8
53 675 10.0 10.0 10.0 12 41 5,3
103 986 10.0 10.0 10.0 62 70 4
154 360 10.0 10.0 10.0 13 48 2,7
192 832 10.0 10.0 10.0 74 22 3,6
199 156 10.0 10.0 10.0 12 48 2
200 42 10.0 10.0 10.0 42 20 9,1
214 480 10.0 10.0 10.0 36 7 8,6
253 684 10.0 10.0 10.0 20 33 4,2,5
295 117 10.0 10.0 10.0 39 52 9,0
304 171 10.0 10.0 10.0 55 41 2
318 1385 10.0 10.0 10.0 40 68 3,0
356 155 10.0 10.0 10.0 61 33 5,4,8
365 927 10.0 10.0 10.0 40 15 0,6,9
395 48 10.0 10.0 10.0 39 41 6,2,1
