30
0 157 6.666666666666667 6.666666666666667 6.666666666666667 6 74 3
19 436 6.666666666666667 6.666666666666667 6.666666666666667 6 65 9
46 992 6.666666666666667 6.666666666666667 6.666666666666667 26 64 1
87 410 6.666666666666667 6.666666666666667 6.666666666666667 20 51 3,6
114 186 6.666666666666667 6.666666666666667 6.666666666666667 74 67 7
117 1667 6.666666666666667 6.666666666666667 6.666666666666667 29 63 9
120 537 6.666666666666667 6.666666666666667 6.666666666666667 25 21 9
143 2248 6.666666666666667 6.666666666666667 6.666666666666667 67 27 0
143 947 6.666666666666667 6.666666666666667 6.666666666666667 74 67 5
147 98 6.666666666666667 6.666666666666667 6.666666666666667 46 36 3,2
198 280 6.666666666666667 6.666666666666667 6.666666666666667 48 33 0,6
213 934 6.666666666666667 6.666666666666667 6.666666666666667 44 74 0,8,5
251 354 6.666666666666667 6.666666666666667 6.666666666666667 12 10 8,5,7
264 873 6.666666666666667 6.666666666666667 6.666666666666667 45 70 7
336 1042 6.666666666666667 6.666666666666667 6.666666666666667 61 66 3,8
351 2585 6.666666666666667 6.666666666666667 6.666666666666667 30 73 6,5
354 33 6.666666666666667 6.666666666666667 6.666666666666667 73 71 1,5,3
361 746 6.666666666666667 6.666666666666667 6.666666666666667 2 74 4,1,6
397 201 6.666666666666667 6.666666666666667 6.666666666666667 62 60 1
407 163 6.666666666666667 6.666666666666667 6.666666666666667 74 27 1,7,9
477 1256 6.666666666666667 6.666666666666667 6.666666666666667 40 0 8,5
486 43 6.666666666666667 6.666666666666667 6.666666666666667 66 55 8
494 1307 6.666666666666667 6.666666666666667 6.666666666666667 63 38 1,8,5
502 160 6.666666666666667 6.666666666666667 6.666666666666667 48 9 2
505 69 6.666666666666667 6.666666666666667 6.666666666666667 29 72 2
506 469 6.666666666666667 6.666666666666667 6.666666666666667 21 40 7,2
534 367 6.666666666666667 6.666666666666667 6.666666666666667 7 46 2,9
556 450 6.666666666666667 6.666666666666667 6.666666666666667 74 31 0
585 714 6.666666666666667 6.666666666666667 6.666666666666667 64 38 7,0,2
604 116 6.666666666666667 6.666666666666667 6.666666666666667 35 34 4
