20
0 730 10.0 10.0 10.0 39 28 3
25 364 10.0 10.0 10.0 44 58 4,5,3
31 98 10.0 10.0 10.0 35 49 8,9,7
58 426 10.0 10.0 10.0 68 39 1,3,2
61 11 10.0 10.0 10.0 15 47 1,5
62 57 10.0 10.0 10.0 22 7 3,1,0
82 106 10.0 10.0 10.0 4 68 6,2,3
83 361 10.0 10.0 10.0 1 67 4
96 34 10.0 10.0 10.0 62 52 5,2
122 1767 10.0 10.0 10.0 0 63 2
138 653 10.0 10.0 10.0 56 19 4,5,4
142 17 10.0 10.0 10.0 51 56 6,5
156 3467 10.0 10.0 10.0 4 26 6,4,5
176 329 10.0 10.0 10.0 12 70 7
188 125 10.0 10.0 10.0 63 38 4,5
241 44 10.0 10.0 10.0 1 31 6,3,8
250 223 10.0 10.0 10.0 0 68 1,6
289 532 10.0 10.0 10.0 63 61 7
308 552 10.0 10.0 10.0 32 73 3,8
326 193 10.0 10.0 10.0 10 21 7,1,9
