20
0 714 10.0 10.0 10.0 25 67 9,1
7 1557 10.0 10.0 10.0 53 33 5,9
15 75 10.0 10.0 10.0 42 64 0
87 300 10.0 10.0 10.0 66 47 6
90 1235 10.0 10.0 10.0 36 5 4,1
134 598 10.0 10.0 10.0 6 10 1,8
212 1680 10.0 10.0 10.0 55 20 4
221 151 10.0 10.0 10.0 54 34 0
254 601 10.0 10.0 10.0 50 66 7,9
266 165 10.0 10.0 10.0 7 14 4,3,1
273 508 10.0 10.0 10.0 53 68 5
292 518 10.0 10.0 10.0 1 31 6,7,6
334 1204 10.0 10.0 10.0 15 30 1
354 200 10.0 10.0 10.0 4 51 3,0
362 315 10.0 10.0 10.0 73 31 2
406 1131 10.0 10.0 10.0 52 72 4,2,0
423 1114 10.0 10.0 10.0 48 52 8
433 78 10.0 10.0 10.0 46 19 3
438 532 10.0 10.0 10.0 28 20 5,0
447 500 10.0 10.0 10.0 29 44 5,7,3
