20
0 376 10.0 10.0 10.0 49 21 8
11 636 10.0 10.0 10.0 33 55 1,9,7
55 1 10.0 10.0 10.0 60 45 6,7
73 312 10.0 10.0 10.0 56 51 5,8
78 665 10.0 10.0 10.0 32 20 0
87 317 10.0 10.0 10.0 69 73 3
102 362 10.0 10.0 10.0 46 0 1,0,6
120 1 10.0 10.0 10.0 21 59 9
140 234 10.0 10.0 10.0 8 31 7,0,2
168 173 10.0 10.0 10.0 40 42 6,9
197 1982 10.0 10.0 10.0 72 37 6,5,9
282 1356 10.0 10.0 10.0 19 48 6
283 999 10.0 10.0 10.0 1 60 3,8
294 559 10.0 10.0 10.0 65 69 3,7,4
338 481 10.0 10.0 10.0 54 69 7
371 2321 10.0 10.0 10.0 37 7 8
410 899 10.0 10.0 10.0 62 74 7,5
419 525 10.0 10.0 10.0 15 50 5
420 156 10.0 10.0 10.0 63 50 9,8
430 93 10.0 10.0 10.0 69 5 2,3
