30
0 88 6.666666666666667 6.666666666666667 6.666666666666667 18 42 6,2,7
15 1778 6.666666666666667 6.666666666666667 6.666666666666667 41 13 1,3,1
17 608 6.666666666666667 6.666666666666667 6.666666666666667 54 66 3
19 115 6.666666666666667 6.666666666666667 6.666666666666667 65 16 5,9,3
19 161 6.666666666666667 6.666666666666667 6.666666666666667 67 12 8,7,5
25 235 6.666666666666667 6.666666666666667 6.666666666666667 61 48 4
39 77 6.666666666666667 6.666666666666667 6.666666666666667 42 10 0,3
48 476 6.666666666666667 6.666666666666667 6.666666666666667 32 9 0,5
67 273 6.666666666666667 6.666666666666667 6.666666666666667 69 10 2
136 51 6.666666666666667 6.666666666666667 6.666666666666667 42 14 7,0,3
137 311 6.666666666666667 6.666666666666667 6.666666666666667 64 26 6
139 814 6.666666666666667 6.666666666666667 6.666666666666667 56 68 0
151 966 6.666666666666667 6.666666666666667 6.666666666666667 40 9 6
158 509 6.666666666666667 6.666666666666667 6.666666666666667 48 61 4,5
210 140 6.666666666666667 6.666666666666667 6.666666666666667 32 3 0,2,1
222 376 6.666666666666667 6.666666666666667 6.666666666666667 38 24 0,1,6
297 1877 6.666666666666667 6.666666666666667 6.666666666666667 10 39 7,4,2
309 862 6.666666666666667 6.666666666666667 6.666666666666667 10 41 2,8,0
336 262 6.666666666666667 6.666666666666667 6.666666666666667 1 5 2,9
350 796 6.666666666666667 6.666666666666667 6.666666666666667 22 9 0,9,6
376 129 6.666666666666667 6.666666666666667 6.666666666666667 4 6 5,1
393 176 6.666666666666667 6.666666666666667 6.666666666666667 56 4 3,7
404 186 6.666666666666667 6.666666666666667 6.666666666666667 18 6 8,4
423 282 6.666666666666667 6.666666666666667 6.666666666666667 23 13 8,7
436 350 6.666666666666667 6.666666666666667 6.666666666666667 65 49 5,9
448 38 6.666666666666667 6.666666666666667 6.666666666666667 32 69 8
450 608 6.666666666666667 6.666666666666667 6.666666666666667 10 8 2,5
465 281 6.666666666666667 6.666666666666667 6.666666666666667 65 28 9
499 196 6.666666666666667 6.666666666666667 6.666666666666667 25 8 8,0
516 554 6.666666666666667 6.666666666666667 6.666666666666667 40 66 2
