30
0 925 6.666666666666667 6.666666666666667 6.666666666666667 20 44 5,3
13 146 6.666666666666667 6.666666666666667 6.666666666666667 15 39 3,0
23 329 6.666666666666667 6.666666666666667 6.666666666666667 6 73 5,4,5
23 341 6.666666666666667 6.666666666666667 6.666666666666667 73 46 8
85 232 6.666666666666667 6.666666666666667 6.666666666666667 39 54 5,7,4
85 1247 6.666666666666667 6.666666666666667 6.666666666666667 57 36 9,6
132 670 6.666666666666667 6.666666666666667 6.666666666666667 53 25 1,4,3
133 302 6.666666666666667 6.666666666666667 6.666666666666667 38 40 9
136 180 6.666666666666667 6.666666666666667 6.666666666666667 15 53 4,8,3
143 61 6.666666666666667 6.666666666666667 6.666666666666667 3 44 3,0
155 0 6.666666666666667 6.666666666666667 6.666666666666667 54 26 6,3
158 60 6.666666666666667 6.666666666666667 6.666666666666667 73 39 5,3,1
176 95 6.666666666666667 6.666666666666667 6.666666666666667 32 8 8
178 113 6.666666666666667 6.666666666666667 6.666666666666667 33 63 1,4
183 188 6.666666666666667 6.666666666666667 6.666666666666667 33 16 9,3,6
202 985 6.666666666666667 6.666666666666667 6.666666666666667 6 51 3
214 1008 6.666666666666667 6.666666666666667 6.666666666666667 24 46 2,9
235 384 6.666666666666667 6.666666666666667 6.666666666666667 46 32 8,4,1
250 565 6.666666666666667 6.666666666666667 6.666666666666667 3 32 1
252 325 6.666666666666667 6.666666666666667 6.666666666666667 22 43 5,0
271 412 6.666666666666667 6.666666666666667 6.666666666666667 3 54 0,2
273 600 6.666666666666667 6.666666666666667 6.666666666666667 8 27 7
300 245 6.666666666666667 6.666666666666667 6.666666666666667 59 33 7
320 36 6.666666666666667 6.666666666666667 6.666666666666667 22 37 0
342 411 6.666666666666667 6.666666666666667 6.666666666666667 63 3 4
342 529 6.666666666666667 6.666666666666667 6.666666666666667 3 44 2,1
346 188 6.666666666666667 6.666666666666667 6.666666666666667 21 3 2,7,6
346 43 6.666666666666667 6.666666666666667 6.666666666666667 6 29 5,6
349 541 6.666666666666667 6.666666666666667 6.666666666666667 24 50 0,8,6
358 87 6.666666666666667 6.666666666666667 6.666666666666667 26 25 8,1,0
