20
0 183 10.0 10.0 10.0 18 14 4,8
72 1040 10.0 10.0 10.0 42 3 5,9,1
100 1637 10.0 10.0 10.0 19 62 6,5
106 1375 10.0 10.0 10.0 25 9 8
143 599 10.0 10.0 10.0 38 19 1,5
209 86 10.0 10.0 10.0 26 61 2
219 780 10.0 10.0 10.0 68 65 6
246 143 10.0 10.0 10.0 40 0 0,1
290 518 10.0 10.0 10.0 56 26 8,4
314 263 10.0 10.0 10.0 3 5 1,9
338 475 10.0 10.0 10.0 8 54 2,5,3
343 12 10.0 10.0 10.0 66 67 5,7
370 152 10.0 10.0 10.0 9 41 1
393 817 10.0 10.0 10.0 2 69 2,0,1
396 1766 10.0 10.0 10.0 16 18 7
409 38 10.0 10.0 10.0 68 64 5,0,6
420 102 10.0 10.0 10.0 62 6 8,2
429 531 10.0 10.0 10.0 17 69 3
434 1115 10.0 10.0 10.0 7 25 7
465 65 10.0 10.0 10.0 66 69 1
