30
0 2639 6.666666666666667 6.666666666666667 6.666666666666667 23 13 4
7 44 6.666666666666667 6.666666666666667 6.666666666666667 8 13 1,6,4
22 208 6.666666666666667 6.666666666666667 6.666666666666667 32 10 4
41 170 6.666666666666667 6.666666666666667 6.666666666666667 13 34 5,0
98 523 6.666666666666667 6.666666666666667 6.666666666666667 18 6 1,0
122 45 6.666666666666667 6.666666666666667 6.666666666666667 69 21 9,5,7
168 896 6.666666666666667 6.666666666666667 6.666666666666667 13 38 6
248 118 6.666666666666667 6.666666666666667 6.666666666666667 34 4 2
262 795 6.666666666666667 6.666666666666667 6.666666666666667 29 65 8
265 357 6.666666666666667 6.666666666666667 6.666666666666667 24 40 5
275 569 6.666666666666667 6.666666666666667 6.666666666666667 61 1 9,5,1
303 893 6.666666666666667 6.666666666666667 6.666666666666667 34 5 9,1
335 105 6.666666666666667 6.666666666666667 6.666666666666667 12 11 5,0,7
356 1235 6.666666666666667 6.666666666666667 6.666666666666667 7 26 0,4
366 95 6.666666666666667 6.666666666666667 6.666666666666667 61 46 8
398 1090 6.666666666666667 6.666666666666667 6.666666666666667 1 14 6,8,2
407 159 6.666666666666667 6.666666666666667 6.666666666666667 9 17 1,8
424 76 6.666666666666667 6.666666666666667 6.666666666666667 37 21 4,1,0
426 857 6.666666666666667 6.666666666666667 6.666666666666667 49 66 4
440 127 6.666666666666667 6.666666666666667 6.666666666666667 28 64 6,2,3
449 985 6.666666666666667 6.666666666666667 6.666666666666667 39 66 9,3
458 162 6.666666666666667 6.666666666666667 6.666666666666667 16 0 0,6,1
459 122 6.666666666666667 6.666666666666667 6.666666666666667 40 29 3
539 897 6.666666666666667 6.666666666666667 6.666666666666667 17 41 8,2
542 371 6.666666666666667 6.666666666666667 6.666666666666667 37 18 5,7
551 0 6.666666666666667 6.666666666666667 6.666666666666667 54 22 9,2,1
555 241 6.666666666666667 6.666666666666667 6.666666666666667 4 18 5,6
599 429 6.666666666666667 6.666666666666667 6.666666666666667 9 3 2,3
604 1795 6.666666666666667 6.666666666666667 6.666666666666667 16 37 8,1,6
604 90 6.666666666666667 6.666666666666667 6.666666666666667 11 20 4
