20
0 984 10.0 10.0 10.0 36 32 2,7,6
15 645 10.0 10.0 10.0 27 18 5,1,9
23 20 10.0 10.0 10.0 73 46 8,5
105 1159 10.0 10.0 10.0 8 40 2
111 100 10.0 10.0 10.0 11 18 7,9,6
112 80 10.0 10.0 10.0 22 27 1,6,0
125 398 10.0 10.0 10.0 0 24 2,5,4
136 116 10.0 10.0 10.0 3 26 2,5,8
141 428 10.0 10.0 10.0 60 57 3
144 231 10.0 10.0 10.0 13 36 8,4,2
157 182 10.0 10.0 10.0 61 18 1
158 70 10.0 10.0 10.0 42 38 8,7
163 214 10.0 10.0 10.0 0 49 6,9
172 726 10.0 10.0 10.0 21 60 7,9
175 457 10.0 10.0 10.0 64 66 2
210 595 10.0 10.0 10.0 23 21 1
230 240 10.0 10.0 10.0 40 38 4,1,2
235 137 10.0 10.0 10.0 64 50 1,8
242 71 10.0 10.0 10.0 61 74 8,2
278 2079 10.0 10.0 10.0 18 51 0
