30
0 588 6.666666666666667 6.666666666666667 6.666666666666667 53 42 1,6,4
6 435 6.666666666666667 6.666666666666667 6.666666666666667 54 67 7,1,2
44 417 6.666666666666667 6.666666666666667 6.666666666666667 51 14 3,4
46 203 6.666666666666667 6.666666666666667 6.666666666666667 52 47 0
77 432 6.666666666666667 6.666666666666667 6.666666666666667 72 44 9,2
90 375 6.666666666666667 6.666666666666667 6.666666666666667 22 61 1,0,7
95 895 6.666666666666667 6.666666666666667 6.666666666666667 20 59 5,4
121 226 6.666666666666667 6.666666666666667 6.666666666666667 36 2 8,6
136 326 6.666666666666667 6.666666666666667 6.666666666666667 4 58 1,9,4
148 88 6.666666666666667 6.666666666666667 6.666666666666667 5 54 3
152 182 6.666666666666667 6.666666666666667 6.666666666666667 10 4 4,8
168 852 6.666666666666667 6.666666666666667 6.666666666666667 62 4 1,3
190 884 6.666666666666667 6.666666666666667 6.666666666666667 31 14 4,2,9
200 1588 6.666666666666667 6.666666666666667 6.666666666666667 19 67 8,1
215 94 6.666666666666667 6.666666666666667 6.666666666666667 73 49 1,0,7
248 119 6.666666666666667 6.666666666666667 6.666666666666667 52 42 9,2,6
258 395 6.666666666666667 6.666666666666667 6.666666666666667 10 60 6
279 93 6.666666666666667 6.666666666666667 6.666666666666667 30 37 8,6,4
284 98 6.666666666666667 6.666666666666667 6.666666666666667 67 35 8,9
295 249 6.666666666666667 6.666666666666667 6.666666666666667 47 37 5
350 458 6.666666666666667 6.666666666666667 6.666666666666667 57 74 1,5
385 947 6.666666666666667 6.666666666666667 6.666666666666667 52 20 7
391 190 6.666666666666667 6.666666666666667 6.666666666666667 69 36 9,0
420 940 6.666666666666667 6.666666666666667 6.666666666666667 42 68 3
439 1022 6.666666666666667 6.666666666666667 6.666666666666667 61 71 4
441 142 6.666666666666667 6.666666666666667 6.666666666666667 30 65 1
441 1314 6.666666666666667 6.666666666666667 6.666666666666667 44 36 4,7
453 45 6.666666666666667 6.666666666666667 6.666666666666667 9 54 2
459 439 6.666666666666667 6.666666666666667 6.666666666666667 74 36 7,3
498 551 6.666666666666667 6.666666666666667 6.666666666666667 62 22 6
