30
0 488 6.666666666666667 6.666666666666667 6.666666666666667 29 34 3,7,1
9 552 6.666666666666667 6.666666666666667 6.666666666666667 7 2 4,3
58 239 6.666666666666667 6.666666666666667 6.666666666666667 31 0 9
149 116 6.666666666666667 6.666666666666667 6.666666666666667 13 0 9,3,4
212 1122 6.666666666666667 6.666666666666667 6.666666666666667 32 23 9
259 73 6.666666666666667 6.666666666666667 6.666666666666667 2 58 8,9
303 48 6.666666666666667 6.666666666666667 6.666666666666667 0 36 1,2
315 2 6.666666666666667 6.666666666666667 6.666666666666667 56 28 1,3,8
330 417 6.666666666666667 6.666666666666667 6.666666666666667 57 65 0,1
333 477 6.666666666666667 6.666666666666667 6.666666666666667 24 14 1
347 628 6.666666666666667 6.666666666666667 6.666666666666667 52 20 5
365 415 6.666666666666667 6.666666666666667 6.666666666666667 72 24 7,3,5
373 389 6.666666666666667 6.666666666666667 6.666666666666667 69 34 0
382 435 6.666666666666667 6.666666666666667 6.666666666666667 50 16 8
401 45 6.666666666666667 6.666666666666667 6.666666666666667 20 11 8,0,3
408 695 6.666666666666667 6.666666666666667 6.666666666666667 50 30 6
460 290 6.666666666666667 6.666666666666667 6.666666666666667 54 11 7
475 51 6.666666666666667 6.666666666666667 6.666666666666667 42 66 5,2
500 310 6.666666666666667 6.666666666666667 6.666666666666667 51 56 5,8,9
506 42 6.666666666666667 6.666666666666667 6.666666666666667 11 57 8,1,3
586 42 6.666666666666667 6.666666666666667 6.666666666666667 13 4 2
593 389 6.666666666666667 6.666666666666667 6.666666666666667 10 68 3,2,7
597 237 6.666666666666667 6.666666666666667 6.666666666666667 66 54 2,3
620 616 6.666666666666667 6.666666666666667 6.666666666666667 17 70 3
634 90 6.666666666666667 6.666666666666667 6.666666666666667 42 16 1,7,2
665 553 6.666666666666667 6.666666666666667 6.666666666666667 70 5 3,1,4
676 43 6.666666666666667 6.666666666666667 6.666666666666667 38 65 6,2
680 411 6.666666666666667 6.666666666666667 6.666666666666667 69 13 9
683 367 6.666666666666667 6.666666666666667 6.666666666666667 63 36 6
695 523 6.666666666666667 6.666666666666667 6.666666666666667 30 20 8,6
