30
0 193 6.666666666666667 6.666666666666667 6.666666666666667 61 55 0,5,3
6 500 6.666666666666667 6.666666666666667 6.666666666666667 72 51 2,8
13 289 6.666666666666667 6.666666666666667 6.666666666666667 47 26 9,5,8
19 118 6.666666666666667 6.666666666666667 6.666666666666667 31 30 4,0,1
43 387 6.666666666666667 6.666666666666667 6.666666666666667 46 5 4
54 173 6.666666666666667 6.666666666666667 6.666666666666667 47 14 6,0
76 40 6.666666666666667 6.666666666666667 6.666666666666667 61 26 6
99 253 6.666666666666667 6.666666666666667 6.666666666666667 72 69 6,7,1
101 196 6.666666666666667 6.666666666666667 6.666666666666667 59 41 7
120 1066 6.666666666666667 6.666666666666667 6.666666666666667 10 43 0
125 644 6.666666666666667 6.666666666666667 6.666666666666667 5 42 7,2
130 373 6.666666666666667 6.666666666666667 6.666666666666667 22 49 1,8,1
137 1457 6.666666666666667 6.666666666666667 6.666666666666667 5 44 2,7
138 584 6.666666666666667 6.666666666666667 6.666666666666667 73 60 6
159 1329 6.666666666666667 6.666666666666667 6.666666666666667 30 66 5
172 748 6.666666666666667 6.666666666666667 6.666666666666667 46 10 3,1,0
173 212 6.666666666666667 6.666666666666667 6.666666666666667 60 42 8
199 742 6.666666666666667 6.666666666666667 6.666666666666667 54 61 5
205 103 6.666666666666667 6.666666666666667 6.666666666666667 20 61 9
233 7 6.666666666666667 6.666666666666667 6.666666666666667 30 57 8,0,3
234 286 6.666666666666667 6.666666666666667 6.666666666666667 61 7 1,4
268 806 6.666666666666667 6.666666666666667 6.666666666666667 48 74 2,9
287 495 6.666666666666667 6.666666666666667 6.666666666666667 57 14 0,3
292 154 6.666666666666667 6.666666666666667 6.666666666666667 60 57 3,5
386 327 6.666666666666667 6.666666666666667 6.666666666666667 35 10 3,7
396 267 6.666666666666667 6.666666666666667 6.666666666666667 35 69 6,7,5
423 939 6.666666666666667 6.666666666666667 6.666666666666667 61 26 9,2
451 52 6.666666666666667 6.666666666666667 6.666666666666667 61 63 1,5,1
455 1195 6.666666666666667 6.666666666666667 6.666666666666667 33 7 1,4,7
464 65 6.666666666666667 6.666666666666667 6.666666666666667 41 48 2
