30
0 662 6.666666666666667 6.666666666666667 6.666666666666667 58 2 1,9
63 336 6.666666666666667 6.666666666666667 6.666666666666667 59 9 4,2
101 209 6.666666666666667 6.666666666666667 6.666666666666667 69 22 8
112 1077 6.666666666666667 6.666666666666667 6.666666666666667 63 20 5,0
149 687 6.666666666666667 6.666666666666667 6.666666666666667 33 0 8,9,0
154 48 6.666666666666667 6.666666666666667 6.666666666666667 42 62 3,4
158 659 6.666666666666667 6.666666666666667 6.666666666666667 41 2 0,7,9
161 1408 6.666666666666667 6.666666666666667 6.666666666666667 63 22 4,2,1
169 109 6.666666666666667 6.666666666666667 6.666666666666667 27 1 0,9
188 952 6.666666666666667 6.666666666666667 6.666666666666667 15 19 9,1
216 667 6.666666666666667 6.666666666666667 6.666666666666667 4 56 8,3,0
222 576 6.666666666666667 6.666666666666667 6.666666666666667 52 33 4
251 430 6.666666666666667 6.666666666666667 6.666666666666667 36 30 8
269 110 6.666666666666667 6.666666666666667 6.666666666666667 72 70 9,0,8
302 342 6.666666666666667 6.666666666666667 6.666666666666667 43 36 7,5
312 510 6.666666666666667 6.666666666666667 6.666666666666667 19 69 8,6,1
318 3000 6.666666666666667 6.666666666666667 6.666666666666667 31 70 5
321 332 6.666666666666667 6.666666666666667 6.666666666666667 33 27 6,8
323 42 6.666666666666667 6.666666666666667 6.666666666666667 62 6 8,3,0
324 884 6.666666666666667 6.666666666666667 6.666666666666667 66 8 9,3,5
330 1148 6.666666666666667 6.666666666666667 6.666666666666667 71 39 7,0,5
344 157 6.666666666666667 6.666666666666667 6.666666666666667 25 62 3
350 504 6.666666666666667 6.666666666666667 6.666666666666667 42 67 3,0
377 103 6.666666666666667 6.666666666666667 6.666666666666667 73 49 5,4
380 436 6.666666666666667 6.666666666666667 6.666666666666667 23 41 1,4
397 466 6.666666666666667 6.666666666666667 6.666666666666667 29 33 7
399 1724 6.666666666666667 6.666666666666667 6.666666666666667 70 65 2,8,4
443 126 6.666666666666667 6.666666666666667 6.666666666666667 0 27 6
517 308 6.666666666666667 6.666666666666667 6.666666666666667 72 64 1,7,4
539 529 6.666666666666667 6.666666666666667 6.666666666666667 70 22 6,5,3
