20
0 199 10.0 10.0 10.0 58 24 3,2,9
9 285 10.0 10.0 10.0 1 67 5,8,0
54 134 10.0 10.0 10.0 23 41 7,8
97 336 10.0 10.0 10.0 49 69 7
103 70 10.0 10.0 10.0 58 16 7
116 124 10.0 10.0 10.0 65 66 5
126 69 10.0 10.0 10.0 67 32 0
133 644 10.0 10.0 10.0 41 49 3
147 847 10.0 10.0 10.0 14 38 3
158 1234 10.0 10.0 10.0 9 64 0,1,8
190 624 10.0 10.0 10.0 46 54 3
215 138 10.0 10.0 10.0 27 66 2,6
250 420 10.0 10.0 10.0 20 66 9
253 41 10.0 10.0 10.0 9 3 1,3
271 307 10.0 10.0 10.0 56 11 1,3,0
280 67 10.0 10.0 10.0 41 32 0,1
306 877 10.0 10.0 10.0 27 20 8,4
309 808 10.0 10.0 10.0 23 27 7,6
325 294 10.0 10.0 10.0 41 67 8,4,0
357 105 10.0 10.0 10.0 61 27 1,0
