30
0 34 6.666666666666667 6.666666666666667 6.666666666666667 44 70 1
26 446 6.666666666666667 6.666666666666667 6.666666666666667 48 54 3
50 949 6.666666666666667 6.666666666666667 6.666666666666667 65 69 8
84 566 6.666666666666667 6.666666666666667 6.666666666666667 5 36 8
143 661 6.666666666666667 6.666666666666667 6.666666666666667 21 71 7
149 138 6.666666666666667 6.666666666666667 6.666666666666667 47 53 1
172 67 6.666666666666667 6.666666666666667 6.666666666666667 40 27 0,3,8
189 651 6.666666666666667 6.666666666666667 6.666666666666667 17 1 6,8
202 140 6.666666666666667 6.666666666666667 6.666666666666667 39 40 3,2,6
214 787 6.666666666666667 6.666666666666667 6.666666666666667 12 46 5,9,5
219 1602 6.666666666666667 6.666666666666667 6.666666666666667 20 27 7,8
263 17 6.666666666666667 6.666666666666667 6.666666666666667 57 17 9
275 396 6.666666666666667 6.666666666666667 6.666666666666667 3 63 2
341 770 6.666666666666667 6.666666666666667 6.666666666666667 47 63 4,8,5
356 343 6.666666666666667 6.666666666666667 6.666666666666667 39 51 5,1,5
388 54 6.666666666666667 6.666666666666667 6.666666666666667 35 21 5
388 233 6.666666666666667 6.666666666666667 6.666666666666667 26 5 0,7
400 1051 6.666666666666667 6.666666666666667 6.666666666666667 17 68 3
409 727 6.666666666666667 6.666666666666667 6.666666666666667 3 40 9
414 766 6.666666666666667 6.666666666666667 6.666666666666667 60 21 5,0
449 937 6.666666666666667 6.666666666666667 6.666666666666667 16 43 2,7,9
457 331 6.666666666666667 6.666666666666667 6.666666666666667 15 28 0,8,3
472 2915 6.666666666666667 6.666666666666667 6.666666666666667 8 63 7,9
474 844 6.666666666666667 6.666666666666667 6.666666666666667 65 0 1,6
484 422 6.666666666666667 6.666666666666667 6.666666666666667 54 72 2,1
510 256 6.666666666666667 6.666666666666667 6.666666666666667 53 27 3,4,6
545 140 6.666666666666667 6.666666666666667 6.666666666666667 23 10 8,4,1
549 151 6.666666666666667 6.666666666666667 6.666666666666667 24 61 0,6
566 1 6.666666666666667 6.666666666666667 6.666666666666667 13 5 1,5,6
578 1559 6.666666666666667 6.666666666666667 6.666666666666667 20 74 2,3,5
