20
0 79 10.0 10.0 10.0 57 46 4
29 45 10.0 10.0 10.0 39 32 1
67 16 10.0 10.0 10.0 71 55 0,3
174 98 10.0 10.0 10.0 2 58 0
182 724 10.0 10.0 10.0 16 5 7,1,8
183 379 10.0 10.0 10.0 32 4 9,4,1
193 1174 10.0 10.0 10.0 39 11 9,0,3
196 1089 10.0 10.0 10.0 67 2 4,2,5
197 432 10.0 10.0 10.0 1 13 3,4
215 1046 10.0 10.0 10.0 1 55 0
292 427 10.0 10.0 10.0 65 34 2,1
303 1450 10.0 10.0 10.0 71 23 7
328 404 10.0 10.0 10.0 29 4 0
352 448 10.0 10.0 10.0 71 10 5,3,0
391 356 10.0 10.0 10.0 20 56 5,3,2
419 149 10.0 10.0 10.0 30 48 1,4,5
440 489 10.0 10.0 10.0 50 47 0
489 824 10.0 10.0 10.0 39 42 9
508 95 10.0 10.0 10.0 31 24 0
526 1548 10.0 10.0 10.0 52 32 9,2,3
