20
0 326 10.0 10.0 10.0 58 21 7,8,1
15 2495 10.0 10.0 10.0 66 68 0,1,9
15 124 10.0 10.0 10.0 37 4 1,7
20 25 10.0 10.0 10.0 25 58 6,4,9
28 18 10.0 10.0 10.0 61 8 6
29 153 10.0 10.0 10.0 40 21 7,8,7
55 72 10.0 10.0 10.0 32 17 8,5
63 45 10.0 10.0 10.0 49 37 8,6,2
105 132 10.0 10.0 10.0 21 25 3,8,0
115 1921 10.0 10.0 10.0 14 68 4
118 489 10.0 10.0 10.0 62 10 0
162 1173 10.0 10.0 10.0 49 0 2
169 325 10.0 10.0 10.0 62 3 6
174 428 10.0 10.0 10.0 34 24 9,7
178 351 10.0 10.0 10.0 9 32 7,2
189 356 10.0 10.0 10.0 24 49 2,9
194 1122 10.0 10.0 10.0 9 40 3,6
235 182 10.0 10.0 10.0 0 19 4,7
255 978 10.0 10.0 10.0 14 21 0,4
259 609 10.0 10.0 10.0 65 64 0,7,4
