30
0 222 6.666666666666667 6.666666666666667 6.666666666666667 25 4 7,3,8
3 273 6.666666666666667 6.666666666666667 6.666666666666667 4 49 5,2,1
36 47 6.666666666666667 6.666666666666667 6.666666666666667 7 66 9,8
69 131 6.666666666666667 6.666666666666667 6.666666666666667 37 4 0,3
107 1313 6.666666666666667 6.666666666666667 6.666666666666667 25 51 5,8,7
123 100 6.666666666666667 6.666666666666667 6.666666666666667 0 53 9,2
137 206 6.666666666666667 6.666666666666667 6.666666666666667 8 59 7,9
145 61 6.666666666666667 6.666666666666667 6.666666666666667 63 37 5
154 288 6.666666666666667 6.666666666666667 6.666666666666667 22 39 4
218 1805 6.666666666666667 6.666666666666667 6.666666666666667 4 38 8
241 694 6.666666666666667 6.666666666666667 6.666666666666667 50 56 9,3,1
248 1514 6.666666666666667 6.666666666666667 6.666666666666667 70 52 9
251 106 6.666666666666667 6.666666666666667 6.666666666666667 33 27 0
269 104 6.666666666666667 6.666666666666667 6.666666666666667 34 49 4
287 314 6.666666666666667 6.666666666666667 6.666666666666667 21 31 9
296 2 6.666666666666667 6.666666666666667 6.666666666666667 58 48 4,7,2
302 90 6.666666666666667 6.666666666666667 6.666666666666667 41 5 7
361 13 6.666666666666667 6.666666666666667 6.666666666666667 51 7 8,5
364 379 6.666666666666667 6.666666666666667 6.666666666666667 41 7 5,8
373 11 6.666666666666667 6.666666666666667 6.666666666666667 46 34 7
395 200 6.666666666666667 6.666666666666667 6.666666666666667 53 41 7,2
429 762 6.666666666666667 6.666666666666667 6.666666666666667 63 40 9,8,4
457 307 6.666666666666667 6.666666666666667 6.666666666666667 14 26 2,4
461 0 6.666666666666667 6.666666666666667 6.666666666666667 51 61 1,7,0
466 319 6.666666666666667 6.666666666666667 6.666666666666667 38 40 5,6,3
513 1651 6.666666666666667 6.666666666666667 6.666666666666667 69 31 0
551 557 6.666666666666667 6.666666666666667 6.666666666666667 69 30 2,5,1
562 309 6.666666666666667 6.666666666666667 6.666666666666667 49 51 7,4
779 283 6.666666666666667 6.666666666666667 6.666666666666667 52 44 9,6
795 297 6.666666666666667 6.666666666666667 6.666666666666667 26 38 6
