30
0 42 6.666666666666667 6.666666666666667 6.666666666666667 70 66 1
1 718 6.666666666666667 6.666666666666667 6.666666666666667 14 4 8,0
17 3 6.666666666666667 6.666666666666667 6.666666666666667 21 2 3,0,5
42 462 6.666666666666667 6.666666666666667 6.666666666666667 50 2 1,5,7
52 746 6.666666666666667 6.666666666666667 6.666666666666667 48 49 9,7
60 174 6.666666666666667 6.666666666666667 6.666666666666667 72 31 4,9,0
102 744 6.666666666666667 6.666666666666667 6.666666666666667 45 70 8,2
105 228 6.666666666666667 6.666666666666667 6.666666666666667 20 74 7,8,3
108 782 6.666666666666667 6.666666666666667 6.666666666666667 60 49 6
127 566 6.666666666666667 6.666666666666667 6.666666666666667 1 33 7,9,4
143 85 6.666666666666667 6.666666666666667 6.666666666666667 41 23 1,2,4
170 144 6.666666666666667 6.666666666666667 6.666666666666667 46 43 5,8,0
210 947 6.666666666666667 6.666666666666667 6.666666666666667 36 62 0,4,9
211 59 6.666666666666667 6.666666666666667 6.666666666666667 50 22 3,6
228 1809 6.666666666666667 6.666666666666667 6.666666666666667 51 52 2,9
267 683 6.666666666666667 6.666666666666667 6.666666666666667 71 49 9,7,6
315 743 6.666666666666667 6.666666666666667 6.666666666666667 58 1 4,2,6
320 1034 6.666666666666667 6.666666666666667 6.666666666666667 52 22 5,2,8
358 487 6.666666666666667 6.666666666666667 6.666666666666667 37 36 0,2,3
360 463 6.666666666666667 6.666666666666667 6.666666666666667 42 70 9,7,0
372 406 6.666666666666667 6.666666666666667 6.666666666666667 61 47 4,9,4
376 760 6.666666666666667 6.666666666666667 6.666666666666667 65 49 0
387 99 6.666666666666667 6.666666666666667 6.666666666666667 71 68 9,4,6
388 333 6.666666666666667 6.666666666666667 6.666666666666667 57 44 6,5
390 36 6.666666666666667 6.666666666666667 6.666666666666667 72 19 9,6,0
434 1 6.666666666666667 6.666666666666667 6.666666666666667 42 26 6,3
513 860 6.666666666666667 6.666666666666667 6.666666666666667 67 42 4,9
586 3031 6.666666666666667 6.666666666666667 6.666666666666667 52 71 8,4
609 1774 6.666666666666667 6.666666666666667 6.666666666666667 59 63 3,0,3
612 602 6.666666666666667 6.666666666666667 6.666666666666667 57 66 0,3,8
