20
0 81 10.0 10.0 10.0 50 23 0,4,1
55 61 10.0 10.0 10.0 30 10 9,7
72 451 10.0 10.0 10.0 52 58 3,0,3
76 47 10.0 10.0 10.0 26 19 3
103 141 10.0 10.0 10.0 9 2 2,6,1
140 771 10.0 10.0 10.0 39 15 6
235 1448 10.0 10.0 10.0 29 37 7,8
247 1960 10.0 10.0 10.0 42 60 3,2
265 621 10.0 10.0 10.0 58 1 8,4,7
279 1001 10.0 10.0 10.0 47 36 2
336 210 10.0 10.0 10.0 29 48 3,1,7
337 281 10.0 10.0 10.0 44 54 8,5
351 226 10.0 10.0 10.0 1 37 6,2,1
360 383 10.0 10.0 10.0 32 53 5
361 945 10.0 10.0 10.0 7 67 6
379 6 10.0 10.0 10.0 5 61 9
413 1110 10.0 10.0 10.0 60 61 1,5,6
415 359 10.0 10.0 10.0 42 54 4
429 670 10.0 10.0 10.0 8 9 4
447 684 10.0 10.0 10.0 67 7 2
