30
0 238 6.666666666666667 6.666666666666667 6.666666666666667 66 4 8,7
82 527 6.666666666666667 6.666666666666667 6.666666666666667 56 64 9,5
82 409 6.666666666666667 6.666666666666667 6.666666666666667 2 48 2,6,4
91 1663 6.666666666666667 6.666666666666667 6.666666666666667 4 6 6,7
149 550 6.666666666666667 6.666666666666667 6.666666666666667 46 69 5,2
151 168 6.666666666666667 6.666666666666667 6.666666666666667 29 14 2,8
153 1829 6.666666666666667 6.666666666666667 6.666666666666667 37 21 3,6
227 34 6.666666666666667 6.666666666666667 6.666666666666667 13 3 1
242 831 6.666666666666667 6.666666666666667 6.666666666666667 11 3 8,3
270 119 6.666666666666667 6.666666666666667 6.666666666666667 32 56 2,8,2
282 188 6.666666666666667 6.666666666666667 6.666666666666667 10 11 0,2
315 484 6.666666666666667 6.666666666666667 6.666666666666667 19 25 3,4
337 114 6.666666666666667 6.666666666666667 6.666666666666667 40 11 4,1,0
340 392 6.666666666666667 6.666666666666667 6.666666666666667 2 56 4,9
340 147 6.666666666666667 6.666666666666667 6.666666666666667 32 9 8
367 338 6.666666666666667 6.666666666666667 6.666666666666667 26 6 7,5,3
390 1781 6.666666666666667 6.666666666666667 6.666666666666667 21 69 9,5,9
399 119 6.666666666666667 6.666666666666667 6.666666666666667 65 5 6
408 480 6.666666666666667 6.666666666666667 6.666666666666667 37 54 5
408 22 6.666666666666667 6.666666666666667 6.666666666666667 48 46 1,9
427 117 6.666666666666667 6.666666666666667 6.666666666666667 65 26 6
444 2138 6.666666666666667 6.666666666666667 6.666666666666667 68 32 0
472 67 6.666666666666667 6.666666666666667 6.666666666666667 26 69 0,7,5
484 733 6.666666666666667 6.666666666666667 6.666666666666667 0 22 8,0,8
486 349 6.666666666666667 6.666666666666667 6.666666666666667 26 56 0,2
494 41 6.666666666666667 6.666666666666667 6.666666666666667 2 5 8,1,5
517 270 6.666666666666667 6.666666666666667 6.666666666666667 54 69 9,8
519 172 6.666666666666667 6.666666666666667 6.666666666666667 17 20 5,7,6
527 1016 6.666666666666667 6.666666666666667 6.666666666666667 42 24 4
559 759 6.666666666666667 6.666666666666667 6.666666666666667 69 20 2,4
