30
0 109 6.666666666666667 6.666666666666667 6.666666666666667 55 21 5,0
12 210 6.666666666666667 6.666666666666667 6.666666666666667 10 65 0
45 877 6.666666666666667 6.666666666666667 6.666666666666667 37 71 2,0
45 21 6.666666666666667 6.666666666666667 6.666666666666667 72 23 0,3,8
101 364 6.666666666666667 6.666666666666667 6.666666666666667 37 31 9,8,9
102 127 6.666666666666667 6.666666666666667 6.666666666666667 4 54 8
107 431 6.666666666666667 6.666666666666667 6.666666666666667 70 64 9
141 2788 6.666666666666667 6.666666666666667 6.666666666666667 55 68 5,4
146 200 6.666666666666667 6.666666666666667 6.666666666666667 36 49 3,9,8
170 161 6.666666666666667 6.666666666666667 6.666666666666667 22 54 2,1
205 64 6.666666666666667 6.666666666666667 6.666666666666667 36 71 1,8,6
250 384 6.666666666666667 6.666666666666667 6.666666666666667 67 53 8
262 837 6.666666666666667 6.666666666666667 6.666666666666667 31 59 6,0,7
289 335 6.666666666666667 6.666666666666667 6.666666666666667 7 43 0
357 186 6.666666666666667 6.666666666666667 6.666666666666667 71 58 1,7,8
374 1260 6.666666666666667 6.666666666666667 6.666666666666667 35 22 6
426 1743 6.666666666666667 6.666666666666667 6.666666666666667 20 33 6,1,5
473 1244 6.666666666666667 6.666666666666667 6.666666666666667 74 44 8
487 103 6.666666666666667 6.666666666666667 6.666666666666667 72 14 6,1,7
523 377 6.666666666666667 6.666666666666667 6.666666666666667 35 66 9,2,8
533 836 6.666666666666667 6.666666666666667 6.666666666666667 50 43 5,3,6
557 266 6.666666666666667 6.666666666666667 6.666666666666667 59 72 8,7
559 132 6.666666666666667 6.666666666666667 6.666666666666667 31 4 8
567 262 6.666666666666667 6.666666666666667 6.666666666666667 42 4 6,2
602 585 6.666666666666667 6.666666666666667 6.666666666666667 48 64 2
696 1471 6.666666666666667 6.666666666666667 6.666666666666667 55 36 1,3,2
702 38 6.666666666666667 6.666666666666667 6.666666666666667 49 55 8,7,9
737 114 6.666666666666667 6.666666666666667 6.666666666666667 52 58 3
746 861 6.666666666666667 6.666666666666667 6.666666666666667 31 10 5,3,2
760 636 6.666666666666667 6.666666666666667 6.666666666666667 14 35 4,8
