20
0 80 10.0 10.0 10.0 45 60 8
38 118 10.0 10.0 10.0 43 53 0,1
41 92 10.0 10.0 10.0 52 46 6,4
51 799 10.0 10.0 10.0 74 64 2,0,5
60 437 10.0 10.0 10.0 9 21 8,3,8
92 21 10.0 10.0 10.0 9 22 3
94 206 10.0 10.0 10.0 26 51 1,5
125 28 10.0 10.0 10.0 1 61 8,1
125 902 10.0 10.0 10.0 45 2 4
137 233 10.0 10.0 10.0 67 57 7,2,7
152 603 10.0 10.0 10.0 68 14 9,3,8
166 2664 10.0 10.0 10.0 44 20 0,5
235 205 10.0 10.0 10.0 21 41 4,6,3
281 431 10.0 10.0 10.0 20 68 9,8
289 208 10.0 10.0 10.0 1 30 2,4
300 91 10.0 10.0 10.0 10 74 1,3,1
333 518 10.0 10.0 10.0 21 22 6
354 1630 10.0 10.0 10.0 51 14 6
360 1377 10.0 10.0 10.0 60 4 8,3
395 1041 10.0 10.0 10.0 58 44 3,4,8
