20
0 45 10.0 10.0 10.0 40 65 2,1,3
1 968 10.0 10.0 10.0 22 19 5,0
21 563 10.0 10.0 10.0 20 69 6
37 199 10.0 10.0 10.0 10 37 0,8,2
61 551 10.0 10.0 10.0 39 10 4,6
94 273 10.0 10.0 10.0 37 68 8
95 26 10.0 10.0 10.0 1 37 7
110 142 10.0 10.0 10.0 25 24 5,4
110 25 10.0 10.0 10.0 1 12 0,3
134 155 10.0 10.0 10.0 61 21 8,9
138 678 10.0 10.0 10.0 5 64 7,1
151 805 10.0 10.0 10.0 65 38 2
156 59 10.0 10.0 10.0 48 22 6
164 333 10.0 10.0 10.0 46 49 3,7,8
191 743 10.0 10.0 10.0 48 14 2,5,2
199 1078 10.0 10.0 10.0 5 56 2
202 244 10.0 10.0 10.0 58 38 3
223 869 10.0 10.0 10.0 64 42 7,3
229 1369 10.0 10.0 10.0 68 9 1,9,1
244 830 10.0 10.0 10.0 40 28 0,8,7
