30
0 70 6.666666666666667 6.666666666666667 6.666666666666667 56 71 6,2,3
45 460 6.666666666666667 6.666666666666667 6.666666666666667 40 32 1
68 259 6.666666666666667 6.666666666666667 6.666666666666667 43 37 3,0
84 54 6.666666666666667 6.666666666666667 6.666666666666667 28 9 5
113 367 6.666666666666667 6.666666666666667 6.666666666666667 12 66 5,6,9
134 715 6.666666666666667 6.666666666666667 6.666666666666667 49 24 5,1,0
135 106 6.666666666666667 6.666666666666667 6.666666666666667 52 27 2
154 130 6.666666666666667 6.666666666666667 6.666666666666667 13 55 1,3
158 521 6.666666666666667 6.666666666666667 6.666666666666667 44 13 7,1
164 1042 6.666666666666667 6.666666666666667 6.666666666666667 70 35 2
169 998 6.666666666666667 6.666666666666667 6.666666666666667 53 17 3
177 480 6.666666666666667 6.666666666666667 6.666666666666667 1 57 5
188 608 6.666666666666667 6.666666666666667 6.666666666666667 55 56 3,2
212 1564 6.666666666666667 6.666666666666667 6.666666666666667 32 25 2,1
261 105 6.666666666666667 6.666666666666667 6.666666666666667 32 12 5
275 1187 6.666666666666667 6.666666666666667 6.666666666666667 55 5 7
276 587 6.666666666666667 6.666666666666667 6.666666666666667 27 36 5
293 185 6.666666666666667 6.666666666666667 6.666666666666667 57 56 0
310 604 6.666666666666667 6.666666666666667 6.666666666666667 40 66 8,2,3
368 872 6.666666666666667 6.666666666666667 6.666666666666667 11 54 9,2
371 1557 6.666666666666667 6.666666666666667 6.666666666666667 3 57 8,5
373 489 6.666666666666667 6.666666666666667 6.666666666666667 34 33 2,4,2
399 706 6.666666666666667 6.666666666666667 6.666666666666667 50 23 1,4,0
411 54 6.666666666666667 6.666666666666667 6.666666666666667 54 29 2,5,9
419 79 6.666666666666667 6.666666666666667 6.666666666666667 16 74 6,9
432 240 6.666666666666667 6.666666666666667 6.666666666666667 25 71 1
436 306 6.666666666666667 6.666666666666667 6.666666666666667 0 69 8
460 1038 6.666666666666667 6.666666666666667 6.666666666666667 54 8 0
479 122 6.666666666666667 6.666666666666667 6.666666666666667 43 48 1,8
506 326 6.666666666666667 6.666666666666667 6.666666666666667 24 43 0,6,0
