30
0 183 6.666666666666667 6.666666666666667 6.666666666666667 14 63 6,7
31 267 6.666666666666667 6.666666666666667 6.666666666666667 72 36 1,0,1
49 51 6.666666666666667 6.666666666666667 6.666666666666667 32 53 0
60 768 6.666666666666667 6.666666666666667 6.666666666666667 73 59 5
69 74 6.666666666666667 6.666666666666667 6.666666666666667 33 9 5
72 515 6.666666666666667 6.666666666666667 6.666666666666667 47 10 9
82 277 6.666666666666667 6.666666666666667 6.666666666666667 67 19 2,8
84 86 6.666666666666667 6.666666666666667 6.666666666666667 12 4 5,0,3
94 783 6.666666666666667 6.666666666666667 6.666666666666667 56 41 6,9,8
98 614 6.666666666666667 6.666666666666667 6.666666666666667 51 2 5,7
101 583 6.666666666666667 6.666666666666667 6.666666666666667 69 65 9,3,2
112 747 6.666666666666667 6.666666666666667 6.666666666666667 14 53 7
123 443 6.666666666666667 6.666666666666667 6.666666666666667 47 19 3,6,5
157 576 6.666666666666667 6.666666666666667 6.666666666666667 34 58 0
181 56 6.666666666666667 6.666666666666667 6.666666666666667 2 1 9,8
186 132 6.666666666666667 6.666666666666667 6.666666666666667 56 5 6,7
207 379 6.666666666666667 6.666666666666667 6.666666666666667 15 9 2
218 496 6.666666666666667 6.666666666666667 6.666666666666667 37 26 4,9,5
230 352 6.666666666666667 6.666666666666667 6.666666666666667 9 67 3
316 920 6.666666666666667 6.666666666666667 6.666666666666667 28 36 0
355 901 6.666666666666667 6.666666666666667 6.666666666666667 32 29 9
360 664 6.666666666666667 6.666666666666667 6.666666666666667 30 56 9,3
388 700 6.666666666666667 6.666666666666667 6.666666666666667 34 61 5
389 206 6.666666666666667 6.666666666666667 6.666666666666667 38 9 6,2
395 659 6.666666666666667 6.666666666666667 6.666666666666667 7 50 8,5,7
436 1758 6.666666666666667 6.666666666666667 6.666666666666667 34 20 0,8,7
452 24 6.666666666666667 6.666666666666667 6.666666666666667 53 71 6,5,3
482 464 6.666666666666667 6.666666666666667 6.666666666666667 57 46 3,9,5
530 901 6.666666666666667 6.666666666666667 6.666666666666667 21 62 8,9
542 1855 6.666666666666667 6.666666666666667 6.666666666666667 64 15 1,8
