30
0 25 6.666666666666667 6.666666666666667 6.666666666666667 13 22 0,6,4
16 449 6.666666666666667 6.666666666666667 6.666666666666667 41 68 2,9,4
22 717 6.666666666666667 6.666666666666667 6.666666666666667 0 74 9,6
91 446 6.666666666666667 6.666666666666667 6.666666666666667 65 19 5,4
98 660 6.666666666666667 6.666666666666667 6.666666666666667 2 73 1,5
101 77 6.666666666666667 6.666666666666667 6.666666666666667 39 6 1
113 680 6.666666666666667 6.666666666666667 6.666666666666667 52 42 2,9,7
140 629 6.666666666666667 6.666666666666667 6.666666666666667 73 6 2,7
146 94 6.666666666666667 6.666666666666667 6.666666666666667 28 13 8,2
147 1094 6.666666666666667 6.666666666666667 6.666666666666667 41 66 0,3,7
152 57 6.666666666666667 6.666666666666667 6.666666666666667 72 5 5,9,3
195 520 6.666666666666667 6.666666666666667 6.666666666666667 56 48 0,1
205 420 6.666666666666667 6.666666666666667 6.666666666666667 0 65 3,9
229 766 6.666666666666667 6.666666666666667 6.666666666666667 54 4 3
238 203 6.666666666666667 6.666666666666667 6.666666666666667 28 63 8,6
260 8 6.666666666666667 6.666666666666667 6.666666666666667 63 62 6,7,0
289 130 6.666666666666667 6.666666666666667 6.666666666666667 28 62 1,5,2
308 762 6.666666666666667 6.666666666666667 6.666666666666667 60 65 4
318 560 6.666666666666667 6.666666666666667 6.666666666666667 54 6 6,5,2
348 444 6.666666666666667 6.666666666666667 6.666666666666667 3 70 9,5,1
351 268 6.666666666666667 6.666666666666667 6.666666666666667 48 46 6,8,5
351 159 6.666666666666667 6.666666666666667 6.666666666666667 15 42 6,8
371 283 6.666666666666667 6.666666666666667 6.666666666666667 60 13 1,4
380 1042 6.666666666666667 6.666666666666667 6.666666666666667 18 38 3,2
398 2540 6.666666666666667 6.666666666666667 6.666666666666667 64 6 8,1,6
399 397 6.666666666666667 6.666666666666667 6.666666666666667 20 15 8,4,5
414 253 6.666666666666667 6.666666666666667 6.666666666666667 66 52 9
444 680 6.666666666666667 6.666666666666667 6.666666666666667 21 52 0
467 168 6.666666666666667 6.666666666666667 6.666666666666667 28 36 7,3,1
476 335 6.666666666666667 6.666666666666667 6.666666666666667 38 7 2
