20
0 11 10.0 10.0 10.0 68 67 9
7 531 10.0 10.0 10.0 48 46 0,3
26 76 10.0 10.0 10.0 22 50 1,8,9
47 276 10.0 10.0 10.0 68 66 1
101 860 10.0 10.0 10.0 64 33 1,8
104 207 10.0 10.0 10.0 20 50 6,8,0
124 270 10.0 10.0 10.0 20 60 7
130 614 10.0 10.0 10.0 73 5 2,3,6
146 145 10.0 10.0 10.0 22 47 9
150 316 10.0 10.0 10.0 63 45 3,5,2
178 17 10.0 10.0 10.0 71 52 5,3,9
186 1285 10.0 10.0 10.0 31 63 7,8,7
220 487 10.0 10.0 10.0 48 49 5,0
236 572 10.0 10.0 10.0 37 33 1,8,7
240 1473 10.0 10.0 10.0 48 45 8,2
241 155 10.0 10.0 10.0 67 31 8,9,1
242 636 10.0 10.0 10.0 72 4 8,6,0
269 139 10.0 10.0 10.0 31 22 5,9,5
279 545 10.0 10.0 10.0 51 61 2
303 79 10.0 10.0 10.0 46 64 2
