30
0 13 6.666666666666667 6.666666666666667 6.666666666666667 46 34 1,2,4
24 234 6.666666666666667 6.666666666666667 6.666666666666667 57 64 8,5
44 238 6.666666666666667 6.666666666666667 6.666666666666667 30 59 1,3,0
47 529 6.666666666666667 6.666666666666667 6.666666666666667 21 41 9
59 98 6.666666666666667 6.666666666666667 6.666666666666667 35 20 4
64 1318 6.666666666666667 6.666666666666667 6.666666666666667 61 22 6
74 598 6.666666666666667 6.666666666666667 6.666666666666667 33 42 3,4
82 1303 6.666666666666667 6.666666666666667 6.666666666666667 20 41 9
97 720 6.666666666666667 6.666666666666667 6.666666666666667 56 44 5,1
134 234 6.666666666666667 6.666666666666667 6.666666666666667 20 72 1,5,8
143 110 6.666666666666667 6.666666666666667 6.666666666666667 59 68 6
165 115 6.666666666666667 6.666666666666667 6.666666666666667 58 55 2,6
196 187 6.666666666666667 6.666666666666667 6.666666666666667 47 20 9,4
201 124 6.666666666666667 6.666666666666667 6.666666666666667 10 45 6,3
224 535 6.666666666666667 6.666666666666667 6.666666666666667 38 43 6
231 4 6.666666666666667 6.666666666666667 6.666666666666667 27 59 8
251 64 6.666666666666667 6.666666666666667 6.666666666666667 63 2 6,0
297 149 6.666666666666667 6.666666666666667 6.666666666666667 25 4 7,4
384 273 6.666666666666667 6.666666666666667 6.666666666666667 47 74 9,4
403 11 6.666666666666667 6.666666666666667 6.666666666666667 8 42 3,2
432 129 6.666666666666667 6.666666666666667 6.666666666666667 38 64 0,1
447 255 6.666666666666667 6.666666666666667 6.666666666666667 66 57 7
473 896 6.666666666666667 6.666666666666667 6.666666666666667 21 69 2,9,3
492 42 6.666666666666667 6.666666666666667 6.666666666666667 28 6 0,6,4
507 423 6.666666666666667 6.666666666666667 6.666666666666667 58 9 1,0,3
549 350 6.666666666666667 6.666666666666667 6.666666666666667 47 64 6
558 23 6.666666666666667 6.666666666666667 6.666666666666667 33 56 7,5
563 725 6.666666666666667 6.666666666666667 6.666666666666667 44 26 7,8,6
577 299 6.666666666666667 6.666666666666667 6.666666666666667 45 27 8,0,5
580 8 6.666666666666667 6.666666666666667 6.666666666666667 42 28 0,7,6
