100 100 100 100 100 100 100 100 100 100
75
24 100 0.0 [8,0,2]
13 100 0.0 [7]
3 100 0.0 [0,6]
11 100 0.0 [9]
16 100 0.0 [9]
18 100 0.0 [2]
17 100 0.0 [9]
40 100 0.0 [9]
56 100 0.0 [6]
0 100 0.0 [1]
6 100 0.0 [3,4]
8 100 0.0 [5,7]
15 100 0.0 [9]
12 100 0.0 [4]
25 100 0.0 [9,7]
29 100 0.0 [1,6]
27 100 0.0 [8]
28 100 0.0 [8,9]
32 100 0.0 [7]
34 100 0.0 [1]
39 100 0.0 [7]
38 100 0.0 [1]
37 100 0.0
42 100 0.0
41 100 0.0
46 100 0.0
61 100 0.0
49 100 0.0
48 100 0.0
54 100 0.0
65 100 0.0
62 100 0.0
58 100 0.0
64 100 0.0
66 100 0.0
68 100 0.0
67 100 0.0
69 100 0.0
2 100 0.0
5 100 0.0
1 100 0.0
4 100 0.0
9 100 0.0
7 100 0.0
10 100 0.0
14 100 0.0
19 100 0.0
20 100 0.0
21 100 0.0
22 100 0.0
23 100 0.0
26 100 0.0
30 100 0.0
31 100 0.0
36 100 0.0
33 100 0.0
35 100 0.0
43 100 0.0
45 100 0.0
51 100 0.0
47 100 0.0
44 100 0.0
52 100 0.0
57 100 0.0
55 100 0.0
50 100 0.0
53 100 0.0
59 100 0.0
60 100 0.0
63 100 0.0
70 100 0.0
71 100 0.0
74 100 0.0
72 100 0.0
73 100 0.0
99
0 2 100 0.0
0 5 100 0.0
0 13 100 0.0
1 3 100 0.0
1 4 100 0.0
2 9 100 0.0
3 5 100 0.0
3 13 100 0.0
3 6 100 0.0
4 7 100 0.0
6 11 100 0.0
6 8 100 0.0
7 8 100 0.0
8 10 100 0.0
9 15 100 0.0
10 12 100 0.0
11 13 100 0.0
11 12 100 0.0
11 16 100 0.0
12 14 100 0.0
13 18 100 0.0
14 17 100 0.0
15 18 100 0.0
15 19 100 0.0
16 18 100 0.0
16 17 100 0.0
16 24 100 0.0
17 20 100 0.0
17 21 100 0.0
18 25 100 0.0
19 29 100 0.0
20 24 100 0.0
21 22 100 0.0
22 27 100 0.0
23 24 100 0.0
23 26 100 0.0
24 27 100 0.0
24 30 100 0.0
25 29 100 0.0
25 28 100 0.0
26 28 100 0.0
27 31 100 0.0
28 32 100 0.0
29 36 100 0.0
30 33 100 0.0
31 34 100 0.0
32 35 100 0.0
32 40 100 0.0
33 39 100 0.0
34 38 100 0.0
34 43 100 0.0
35 37 100 0.0
36 37 100 0.0
37 45 100 0.0
38 39 100 0.0
38 42 100 0.0
39 40 100 0.0
40 41 100 0.0
40 56 100 0.0
41 46 100 0.0
41 61 100 0.0
42 51 100 0.0
42 49 100 0.0
43 47 100 0.0
44 48 100 0.0
44 45 100 0.0
46 48 100 0.0
46 54 100 0.0
47 52 100 0.0
48 57 100 0.0
49 55 100 0.0
49 50 100 0.0
50 53 100 0.0
51 56 100 0.0
52 53 100 0.0
54 65 100 0.0
54 62 100 0.0
55 58 100 0.0
56 59 100 0.0
56 58 100 0.0
57 60 100 0.0
58 63 100 0.0
59 61 100 0.0
60 64 100 0.0
61 62 100 0.0
62 66 100 0.0
63 66 100 0.0
64 70 100 0.0
64 65 100 0.0
65 68 100 0.0
66 67 100 0.0
67 68 100 0.0
67 69 100 0.0
68 69 100 0.0
69 71 100 0.0
70 74 100 0.0
71 72 100 0.0
72 73 100 0.0
73 74 100 0.0
