20
0 28 10.0 10.0 10.0 60 35 2,8
45 302 10.0 10.0 10.0 4 23 9,5,0
58 1707 10.0 10.0 10.0 30 4 3,6
98 140 10.0 10.0 10.0 10 47 4
129 91 10.0 10.0 10.0 70 43 7
145 254 10.0 10.0 10.0 33 14 9,8,0
156 80 10.0 10.0 10.0 20 36 4
209 969 10.0 10.0 10.0 7 46 1
212 227 10.0 10.0 10.0 42 41 3
250 432 10.0 10.0 10.0 7 35 5
253 296 10.0 10.0 10.0 55 59 0,4,7
287 457 10.0 10.0 10.0 19 43 8,5
291 68 10.0 10.0 10.0 64 42 6
300 765 10.0 10.0 10.0 10 70 6,9,7
320 538 10.0 10.0 10.0 54 59 9,2
328 457 10.0 10.0 10.0 59 73 1
339 2489 10.0 10.0 10.0 60 42 0,8
339 492 10.0 10.0 10.0 70 67 1,8
343 982 10.0 10.0 10.0 2 63 8,7,5
364 233 10.0 10.0 10.0 30 71 1,8,9
