30
0 234 6.666666666666667 6.666666666666667 6.666666666666667 40 58 7
38 565 6.666666666666667 6.666666666666667 6.666666666666667 62 39 1
110 401 6.666666666666667 6.666666666666667 6.666666666666667 12 66 2
132 885 6.666666666666667 6.666666666666667 6.666666666666667 5 10 9,1,0
160 333 6.666666666666667 6.666666666666667 6.666666666666667 12 68 8,4
160 51 6.666666666666667 6.666666666666667 6.666666666666667 32 12 6,3,1
166 347 6.666666666666667 6.666666666666667 6.666666666666667 58 40 1,9
184 637 6.666666666666667 6.666666666666667 6.666666666666667 56 25 1,3
194 900 6.666666666666667 6.666666666666667 6.666666666666667 22 19 4,3,9
209 258 6.666666666666667 6.666666666666667 6.666666666666667 56 64 6,4,1
219 305 6.666666666666667 6.666666666666667 6.666666666666667 17 24 1,5,2
231 290 6.666666666666667 6.666666666666667 6.666666666666667 2 11 9,2,8
239 255 6.666666666666667 6.666666666666667 6.666666666666667 2 10 5
272 569 6.666666666666667 6.666666666666667 6.666666666666667 37 64 3
286 191 6.666666666666667 6.666666666666667 6.666666666666667 8 34 3,5
287 2172 6.666666666666667 6.666666666666667 6.666666666666667 24 21 2,3,9
295 363 6.666666666666667 6.666666666666667 6.666666666666667 29 58 3,8
333 107 6.666666666666667 6.666666666666667 6.666666666666667 14 67 6,0,6
339 162 6.666666666666667 6.666666666666667 6.666666666666667 24 2 3,9,5
375 387 6.666666666666667 6.666666666666667 6.666666666666667 29 1 5
392 323 6.666666666666667 6.666666666666667 6.666666666666667 32 39 3
416 70 6.666666666666667 6.666666666666667 6.666666666666667 32 4 6,5
421 1127 6.666666666666667 6.666666666666667 6.666666666666667 23 18 8,5
437 564 6.666666666666667 6.666666666666667 6.666666666666667 40 54 1,2,6
442 385 6.666666666666667 6.666666666666667 6.666666666666667 1 46 1,2,1
453 196 6.666666666666667 6.666666666666667 6.666666666666667 5 13 3,9
464 1132 6.666666666666667 6.666666666666667 6.666666666666667 2 64 9,4,9
503 425 6.666666666666667 6.666666666666667 6.666666666666667 12 64 1
506 98 6.666666666666667 6.666666666666667 6.666666666666667 9 38 1,9
519 22 6.666666666666667 6.666666666666667 6.666666666666667 42 62 1,2
