20
0 6 10.0 10.0 10.0 20 65 5,8,4
69 471 10.0 10.0 10.0 54 36 4,5
70 1041 10.0 10.0 10.0 59 5 4
95 62 10.0 10.0 10.0 44 38 8,0
106 163 10.0 10.0 10.0 16 33 1,3,7
124 121 10.0 10.0 10.0 30 26 0,3
125 510 10.0 10.0 10.0 27 24 7,9,0
143 506 10.0 10.0 10.0 63 24 5
144 39 10.0 10.0 10.0 24 71 5,3
148 8 10.0 10.0 10.0 71 27 8,9,5
164 408 10.0 10.0 10.0 10 51 1
186 1495 10.0 10.0 10.0 26 14 6,1
264 2012 10.0 10.0 10.0 68 60 6,0
345 993 10.0 10.0 10.0 51 57 4,2
410 299 10.0 10.0 10.0 12 20 6
464 86 10.0 10.0 10.0 38 40 6,9
489 311 10.0 10.0 10.0 69 44 2
542 193 10.0 10.0 10.0 36 60 0
546 647 10.0 10.0 10.0 54 62 2
546 273 10.0 10.0 10.0 33 65 8,6
