30
0 277 6.666666666666667 6.666666666666667 6.666666666666667 66 7 3,9,2
52 315 6.666666666666667 6.666666666666667 6.666666666666667 61 41 8,0,8
55 1913 6.666666666666667 6.666666666666667 6.666666666666667 66 32 2
59 1373 6.666666666666667 6.666666666666667 6.666666666666667 56 65 1,4
64 479 6.666666666666667 6.666666666666667 6.666666666666667 12 48 7
70 586 6.666666666666667 6.666666666666667 6.666666666666667 61 9 7
103 969 6.666666666666667 6.666666666666667 6.666666666666667 69 40 2
112 540 6.666666666666667 6.666666666666667 6.666666666666667 16 61 6,5
138 1019 6.666666666666667 6.666666666666667 6.666666666666667 8 13 7,4,6
155 1131 6.666666666666667 6.666666666666667 6.666666666666667 16 7 1
180 387 6.666666666666667 6.666666666666667 6.666666666666667 28 42 1,5,7
180 1270 6.666666666666667 6.666666666666667 6.666666666666667 25 42 3,1
199 675 6.666666666666667 6.666666666666667 6.666666666666667 58 6 0,1
222 258 6.666666666666667 6.666666666666667 6.666666666666667 2 22 4
230 806 6.666666666666667 6.666666666666667 6.666666666666667 5 2 6
301 1312 6.666666666666667 6.666666666666667 6.666666666666667 40 27 1,4,8
308 164 6.666666666666667 6.666666666666667 6.666666666666667 26 32 2,9
367 42 6.666666666666667 6.666666666666667 6.666666666666667 48 20 4,8
367 731 6.666666666666667 6.666666666666667 6.666666666666667 32 39 8,7,5
418 1433 6.666666666666667 6.666666666666667 6.666666666666667 58 5 8,9
428 78 6.666666666666667 6.666666666666667 6.666666666666667 64 11 0,9
437 304 6.666666666666667 6.666666666666667 6.666666666666667 42 37 0
440 24 6.666666666666667 6.666666666666667 6.666666666666667 19 42 9
487 335 6.666666666666667 6.666666666666667 6.666666666666667 69 32 7,1,4
496 209 6.666666666666667 6.666666666666667 6.666666666666667 58 12 7
498 45 6.666666666666667 6.666666666666667 6.666666666666667 18 54 8,7,8
558 1167 6.666666666666667 6.666666666666667 6.666666666666667 22 34 6,9
571 552 6.666666666666667 6.666666666666667 6.666666666666667 66 62 6,3
573 1599 6.666666666666667 6.666666666666667 6.666666666666667 40 27 4
636 1099 6.666666666666667 6.666666666666667 6.666666666666667 54 24 7
