20
0 308 10.0 10.0 10.0 61 15 8,5
12 101 10.0 10.0 10.0 73 10 5
28 645 10.0 10.0 10.0 53 61 3,0,6
33 97 10.0 10.0 10.0 21 44 4
65 894 10.0 10.0 10.0 62 69 3,0
72 76 10.0 10.0 10.0 58 23 2,1,0
79 1184 10.0 10.0 10.0 57 64 9,2
132 125 10.0 10.0 10.0 35 21 0,7
156 213 10.0 10.0 10.0 2 74 6,1,7
167 440 10.0 10.0 10.0 74 56 1
198 420 10.0 10.0 10.0 48 7 5,6
204 172 10.0 10.0 10.0 5 61 1,4
204 148 10.0 10.0 10.0 60 8 1,2,4
225 178 10.0 10.0 10.0 59 5 2
233 780 10.0 10.0 10.0 45 30 6
239 146 10.0 10.0 10.0 45 62 2,8,4
258 454 10.0 10.0 10.0 60 74 8
310 125 10.0 10.0 10.0 6 70 5,6
319 87 10.0 10.0 10.0 33 68 4
332 289 10.0 10.0 10.0 56 10 2,1,5
