30
0 21 3.3333333333333335 3.3333333333333335 3.3333333333333335 4 11 0,4,1
26 356 3.3333333333333335 3.3333333333333335 3.3333333333333335 4 0 2
70 748 3.3333333333333335 3.3333333333333335 3.3333333333333335 9 2 1,3,1
93 977 3.3333333333333335 3.3333333333333335 3.3333333333333335 5 10 1,0,4
137 687 3.3333333333333335 3.3333333333333335 3.3333333333333335 5 0 1
207 822 3.3333333333333335 3.3333333333333335 3.3333333333333335 10 4 1
237 1279 3.3333333333333335 3.3333333333333335 3.3333333333333335 10 9 0,2,4
243 381 3.3333333333333335 3.3333333333333335 3.3333333333333335 5 4 1,2
344 285 3.3333333333333335 3.3333333333333335 3.3333333333333335 10 0 2,1
352 1375 3.3333333333333335 3.3333333333333335 3.3333333333333335 6 9 2,4,1
357 127 3.3333333333333335 3.3333333333333335 3.3333333333333335 2 0 3,4
363 196 3.3333333333333335 3.3333333333333335 3.3333333333333335 0 6 3,2
369 63 3.3333333333333335 3.3333333333333335 3.3333333333333335 7 0 0,3,0
384 32 3.3333333333333335 3.3333333333333335 3.3333333333333335 13 5 0,4
392 42 3.3333333333333335 3.3333333333333335 3.3333333333333335 13 4 1,4
425 1251 3.3333333333333335 3.3333333333333335 3.3333333333333335 0 4 0,2,3
464 29 3.3333333333333335 3.3333333333333335 3.3333333333333335 13 7 1,4,2
466 1371 3.3333333333333335 3.3333333333333335 3.3333333333333335 0 2 1
475 361 3.3333333333333335 3.3333333333333335 3.3333333333333335 10 11 2
491 336 3.3333333333333335 3.3333333333333335 3.3333333333333335 5 10 0
492 73 3.3333333333333335 3.3333333333333335 3.3333333333333335 2 0 2,1,2
549 75 3.3333333333333335 3.3333333333333335 3.3333333333333335 5 0 3,1,4
559 78 3.3333333333333335 3.3333333333333335 3.3333333333333335 5 6 2,0,2
582 250 3.3333333333333335 3.3333333333333335 3.3333333333333335 7 2 3,4,1
608 378 3.3333333333333335 3.3333333333333335 3.3333333333333335 9 10 2
656 991 3.3333333333333335 3.3333333333333335 3.3333333333333335 0 13 4,1
668 317 3.3333333333333335 3.3333333333333335 3.3333333333333335 11 13 1
672 71 3.3333333333333335 3.3333333333333335 3.3333333333333335 6 7 0
678 154 3.3333333333333335 3.3333333333333335 3.3333333333333335 11 4 1,0
695 300 3.3333333333333335 3.3333333333333335 3.3333333333333335 11 10 1
