20
0 781 5.0 5.0 5.0 2 12 3,4,3
3 12 5.0 5.0 5.0 12 11 1
50 554 5.0 5.0 5.0 11 13 4,0
53 1145 5.0 5.0 5.0 11 3 2,3,1
72 39 5.0 5.0 5.0 7 10 1,3
76 777 5.0 5.0 5.0 2 4 0,3,2
88 389 5.0 5.0 5.0 4 3 4,1,0
97 631 5.0 5.0 5.0 11 2 4,0
124 208 5.0 5.0 5.0 9 2 0,4,3
170 231 5.0 5.0 5.0 11 6 4,1
172 785 5.0 5.0 5.0 2 12 2,3,2
183 627 5.0 5.0 5.0 2 6 4,1,4
189 187 5.0 5.0 5.0 12 3 1,4,2
244 880 5.0 5.0 5.0 13 10 1,2
252 74 5.0 5.0 5.0 10 11 3,1
259 42 5.0 5.0 5.0 10 4 3
273 1445 5.0 5.0 5.0 13 4 4
277 400 5.0 5.0 5.0 3 12 2,4,2
279 412 5.0 5.0 5.0 4 10 1,4,3
284 1341 5.0 5.0 5.0 12 9 4,2
