20
0 822 5.0 5.0 5.0 8 12 1,4
13 966 5.0 5.0 5.0 0 13 0
86 252 5.0 5.0 5.0 9 12 1,2,1
135 567 5.0 5.0 5.0 6 10 2
146 895 5.0 5.0 5.0 2 4 0,3
248 148 5.0 5.0 5.0 1 4 4
313 240 5.0 5.0 5.0 11 2 3,4,3
317 934 5.0 5.0 5.0 1 10 3,0
338 195 5.0 5.0 5.0 3 0 4,3,2
374 658 5.0 5.0 5.0 9 11 1
374 30 5.0 5.0 5.0 8 13 2
393 206 5.0 5.0 5.0 0 10 4,1
397 112 5.0 5.0 5.0 9 0 2,3,1
401 720 5.0 5.0 5.0 7 12 2,1,0
422 131 5.0 5.0 5.0 2 1 3
424 226 5.0 5.0 5.0 6 0 4,3
456 123 5.0 5.0 5.0 8 4 4,1
461 475 5.0 5.0 5.0 8 10 3,1,0
499 571 5.0 5.0 5.0 2 6 3,1,0
505 280 5.0 5.0 5.0 4 12 1,3
