20
0 305 5.0 5.0 5.0 12 0 2
13 126 5.0 5.0 5.0 4 12 2,4,1
40 650 5.0 5.0 5.0 8 11 0,3
64 231 5.0 5.0 5.0 1 9 0,3
71 218 5.0 5.0 5.0 7 2 2,3,0
126 211 5.0 5.0 5.0 3 11 3,0,4
191 286 5.0 5.0 5.0 4 11 2
191 229 5.0 5.0 5.0 0 13 1,3,0
230 483 5.0 5.0 5.0 13 6 3,0,2
251 143 5.0 5.0 5.0 7 2 2,0,2
276 129 5.0 5.0 5.0 8 4 2
291 636 5.0 5.0 5.0 2 7 1,2,4
293 1486 5.0 5.0 5.0 9 4 2
313 861 5.0 5.0 5.0 3 8 0
322 263 5.0 5.0 5.0 3 6 0,3,2
397 515 5.0 5.0 5.0 4 0 0
398 10 5.0 5.0 5.0 13 7 3,4
447 664 5.0 5.0 5.0 7 1 1,3,0
459 644 5.0 5.0 5.0 3 1 3,2
464 674 5.0 5.0 5.0 1 11 0,4
