20
0 677 5.0 5.0 5.0 10 9 1,0
6 14 5.0 5.0 5.0 1 12 4,0,1
26 177 5.0 5.0 5.0 8 1 4,1
38 97 5.0 5.0 5.0 1 13 0,3
64 10 5.0 5.0 5.0 12 5 0
126 120 5.0 5.0 5.0 3 1 4
150 1684 5.0 5.0 5.0 13 12 4,3
181 128 5.0 5.0 5.0 13 7 1,2
189 124 5.0 5.0 5.0 0 3 4,2,1
215 1244 5.0 5.0 5.0 12 3 4,1
234 355 5.0 5.0 5.0 13 1 1,2
248 180 5.0 5.0 5.0 7 13 4,0
271 783 5.0 5.0 5.0 8 3 2
272 519 5.0 5.0 5.0 12 5 4
281 440 5.0 5.0 5.0 7 8 3,2,1
283 423 5.0 5.0 5.0 8 9 3,0,2
311 260 5.0 5.0 5.0 3 9 0,2,1
371 1182 5.0 5.0 5.0 13 0 2,3
386 149 5.0 5.0 5.0 10 3 0,3,0
398 217 5.0 5.0 5.0 13 0 0,2,1
