30
0 588 3.3333333333333335 3.3333333333333335 3.3333333333333335 13 7 3,1,4
29 29 3.3333333333333335 3.3333333333333335 3.3333333333333335 13 2 1,3
32 72 3.3333333333333335 3.3333333333333335 3.3333333333333335 3 2 2
78 606 3.3333333333333335 3.3333333333333335 3.3333333333333335 3 13 2,1,4
92 623 3.3333333333333335 3.3333333333333335 3.3333333333333335 13 9 2,1
94 171 3.3333333333333335 3.3333333333333335 3.3333333333333335 12 7 0,3
100 988 3.3333333333333335 3.3333333333333335 3.3333333333333335 9 13 2,4,1
122 1505 3.3333333333333335 3.3333333333333335 3.3333333333333335 9 3 4
142 340 3.3333333333333335 3.3333333333333335 3.3333333333333335 6 4 0,1,4
144 1 3.3333333333333335 3.3333333333333335 3.3333333333333335 12 7 3
152 555 3.3333333333333335 3.3333333333333335 3.3333333333333335 12 3 4
161 116 3.3333333333333335 3.3333333333333335 3.3333333333333335 6 4 0,4,1
178 947 3.3333333333333335 3.3333333333333335 3.3333333333333335 10 13 0,2
185 404 3.3333333333333335 3.3333333333333335 3.3333333333333335 9 11 0,4,0
197 1130 3.3333333333333335 3.3333333333333335 3.3333333333333335 10 4 3
210 2252 3.3333333333333335 3.3333333333333335 3.3333333333333335 2 6 3,4,0
220 323 3.3333333333333335 3.3333333333333335 3.3333333333333335 10 11 2
234 607 3.3333333333333335 3.3333333333333335 3.3333333333333335 12 2 3,2
270 270 3.3333333333333335 3.3333333333333335 3.3333333333333335 6 13 1
275 429 3.3333333333333335 3.3333333333333335 3.3333333333333335 10 6 4,3,2
294 592 3.3333333333333335 3.3333333333333335 3.3333333333333335 9 13 1,4,3
318 284 3.3333333333333335 3.3333333333333335 3.3333333333333335 4 9 0,2,1
375 289 3.3333333333333335 3.3333333333333335 3.3333333333333335 6 11 4,0,3
411 220 3.3333333333333335 3.3333333333333335 3.3333333333333335 10 12 0,2,4
413 2896 3.3333333333333335 3.3333333333333335 3.3333333333333335 2 10 0,3
424 587 3.3333333333333335 3.3333333333333335 3.3333333333333335 2 10 4
426 557 3.3333333333333335 3.3333333333333335 3.3333333333333335 3 6 3
437 563 3.3333333333333335 3.3333333333333335 3.3333333333333335 13 11 1,4
459 121 3.3333333333333335 3.3333333333333335 3.3333333333333335 12 6 2
512 557 3.3333333333333335 3.3333333333333335 3.3333333333333335 12 2 3,1,0
