30
0 699 3.3333333333333335 3.3333333333333335 3.3333333333333335 1 0 1,4
11 520 3.3333333333333335 3.3333333333333335 3.3333333333333335 6 13 1,3,0
18 516 3.3333333333333335 3.3333333333333335 3.3333333333333335 10 2 4
29 364 3.3333333333333335 3.3333333333333335 3.3333333333333335 7 0 1,2
32 105 3.3333333333333335 3.3333333333333335 3.3333333333333335 9 7 0
49 142 3.3333333333333335 3.3333333333333335 3.3333333333333335 1 6 4
132 537 3.3333333333333335 3.3333333333333335 3.3333333333333335 10 1 0,2,0
230 86 3.3333333333333335 3.3333333333333335 3.3333333333333335 10 12 0,2,1
240 77 3.3333333333333335 3.3333333333333335 3.3333333333333335 12 6 3
243 113 3.3333333333333335 3.3333333333333335 3.3333333333333335 2 9 3
283 1251 3.3333333333333335 3.3333333333333335 3.3333333333333335 1 11 4,3,2
332 511 3.3333333333333335 3.3333333333333335 3.3333333333333335 10 9 2,1,3
343 500 3.3333333333333335 3.3333333333333335 3.3333333333333335 1 0 2
368 52 3.3333333333333335 3.3333333333333335 3.3333333333333335 8 4 0
372 945 3.3333333333333335 3.3333333333333335 3.3333333333333335 4 0 2,0
388 204 3.3333333333333335 3.3333333333333335 3.3333333333333335 10 12 4,3
401 472 3.3333333333333335 3.3333333333333335 3.3333333333333335 9 13 1,3
408 720 3.3333333333333335 3.3333333333333335 3.3333333333333335 10 13 2,3,4
426 293 3.3333333333333335 3.3333333333333335 3.3333333333333335 13 12 1,3,1
447 88 3.3333333333333335 3.3333333333333335 3.3333333333333335 10 6 0
462 22 3.3333333333333335 3.3333333333333335 3.3333333333333335 4 0 0,1,3
478 540 3.3333333333333335 3.3333333333333335 3.3333333333333335 8 2 2,1,0
480 337 3.3333333333333335 3.3333333333333335 3.3333333333333335 4 12 0,2,0
483 1092 3.3333333333333335 3.3333333333333335 3.3333333333333335 1 0 3
500 148 3.3333333333333335 3.3333333333333335 3.3333333333333335 10 6 1,4,1
505 65 3.3333333333333335 3.3333333333333335 3.3333333333333335 9 0 1,4
519 779 3.3333333333333335 3.3333333333333335 3.3333333333333335 3 0 4,2
529 392 3.3333333333333335 3.3333333333333335 3.3333333333333335 11 8 0,2
544 108 3.3333333333333335 3.3333333333333335 3.3333333333333335 12 2 0,3
557 99 3.3333333333333335 3.3333333333333335 3.3333333333333335 10 7 2,0
