20
0 697 5.0 5.0 5.0 4 8 2,0
8 155 5.0 5.0 5.0 2 3 2,1,2
9 205 5.0 5.0 5.0 0 7 4,2,1
38 127 5.0 5.0 5.0 4 1 0,3
51 669 5.0 5.0 5.0 0 8 1,3,1
56 540 5.0 5.0 5.0 8 5 0
57 807 5.0 5.0 5.0 10 1 3,2,0
82 159 5.0 5.0 5.0 2 7 3,2
99 26 5.0 5.0 5.0 7 0 4,1,3
101 102 5.0 5.0 5.0 0 8 1,3
106 492 5.0 5.0 5.0 8 1 0,1,4
118 56 5.0 5.0 5.0 3 4 1,4,0
145 268 5.0 5.0 5.0 0 2 3,4
148 194 5.0 5.0 5.0 2 4 2
187 99 5.0 5.0 5.0 0 8 3,2
194 261 5.0 5.0 5.0 0 5 3
206 650 5.0 5.0 5.0 4 5 0,4,0
213 186 5.0 5.0 5.0 3 10 3,0
238 919 5.0 5.0 5.0 0 8 2
240 393 5.0 5.0 5.0 3 2 0,2
