30
0 654 3.3333333333333335 3.3333333333333335 3.3333333333333335 7 3 3
0 31 3.3333333333333335 3.3333333333333335 3.3333333333333335 4 1 3,2,0
6 57 3.3333333333333335 3.3333333333333335 3.3333333333333335 2 10 2
19 64 3.3333333333333335 3.3333333333333335 3.3333333333333335 0 3 0,4
30 4 3.3333333333333335 3.3333333333333335 3.3333333333333335 10 0 3,0
33 333 3.3333333333333335 3.3333333333333335 3.3333333333333335 5 7 2,4,0
55 506 3.3333333333333335 3.3333333333333335 3.3333333333333335 5 3 0,3
69 496 3.3333333333333335 3.3333333333333335 3.3333333333333335 10 7 0,1
86 31 3.3333333333333335 3.3333333333333335 3.3333333333333335 2 0 2
124 47 3.3333333333333335 3.3333333333333335 3.3333333333333335 7 1 2,4,3
137 997 3.3333333333333335 3.3333333333333335 3.3333333333333335 3 5 2,1,3
156 760 3.3333333333333335 3.3333333333333335 3.3333333333333335 8 2 2,3
164 462 3.3333333333333335 3.3333333333333335 3.3333333333333335 7 5 4
206 183 3.3333333333333335 3.3333333333333335 3.3333333333333335 7 1 2,0,3
236 952 3.3333333333333335 3.3333333333333335 3.3333333333333335 4 3 2,1,0
269 1286 3.3333333333333335 3.3333333333333335 3.3333333333333335 3 10 3,2
274 1656 3.3333333333333335 3.3333333333333335 3.3333333333333335 8 5 1,2
286 1349 3.3333333333333335 3.3333333333333335 3.3333333333333335 2 0 3,0
321 5 3.3333333333333335 3.3333333333333335 3.3333333333333335 7 2 1,0,4
335 1 3.3333333333333335 3.3333333333333335 3.3333333333333335 0 10 3
347 1144 3.3333333333333335 3.3333333333333335 3.3333333333333335 10 0 1,3,1
364 346 3.3333333333333335 3.3333333333333335 3.3333333333333335 7 10 2,4
398 1230 3.3333333333333335 3.3333333333333335 3.3333333333333335 3 8 4,1,2
401 1299 3.3333333333333335 3.3333333333333335 3.3333333333333335 3 4 0,2,4
451 60 3.3333333333333335 3.3333333333333335 3.3333333333333335 3 10 1,2
476 152 3.3333333333333335 3.3333333333333335 3.3333333333333335 5 7 2,4,0
523 441 3.3333333333333335 3.3333333333333335 3.3333333333333335 4 5 0
524 10 3.3333333333333335 3.3333333333333335 3.3333333333333335 7 4 1
553 107 3.3333333333333335 3.3333333333333335 3.3333333333333335 4 7 4,3,4
574 807 3.3333333333333335 3.3333333333333335 3.3333333333333335 2 8 2
