20
0 2264 5.0 5.0 5.0 13 6 3,0
40 43 5.0 5.0 5.0 11 3 3
43 25 5.0 5.0 5.0 6 2 2,1,2
56 857 5.0 5.0 5.0 9 7 4
68 1311 5.0 5.0 5.0 12 13 1,2,3
76 179 5.0 5.0 5.0 3 13 1
108 713 5.0 5.0 5.0 6 12 0,2,0
131 51 5.0 5.0 5.0 13 6 1,4
146 935 5.0 5.0 5.0 9 3 2,3
190 173 5.0 5.0 5.0 4 6 2,1
203 377 5.0 5.0 5.0 11 10 3
228 568 5.0 5.0 5.0 10 12 2,3
254 414 5.0 5.0 5.0 9 13 3,0,2
256 1501 5.0 5.0 5.0 3 2 4
280 1582 5.0 5.0 5.0 7 10 4
280 28 5.0 5.0 5.0 7 4 2,1
290 247 5.0 5.0 5.0 6 3 0,4
302 394 5.0 5.0 5.0 6 4 4
330 431 5.0 5.0 5.0 2 7 4,0,4
357 55 5.0 5.0 5.0 6 13 2,0,3
