20
0 1640 5.0 5.0 5.0 10 11 1,2,0
22 47 5.0 5.0 5.0 0 3 3,0
26 1064 5.0 5.0 5.0 11 2 1,4
28 919 5.0 5.0 5.0 13 3 0,4
43 153 5.0 5.0 5.0 0 7 2,0
44 0 5.0 5.0 5.0 11 0 4,3,0
69 123 5.0 5.0 5.0 2 3 1,3
69 601 5.0 5.0 5.0 2 9 2,1,4
134 99 5.0 5.0 5.0 7 3 1,0,1
146 31 5.0 5.0 5.0 13 11 3,0,1
154 55 5.0 5.0 5.0 7 3 4,1,3
184 1159 5.0 5.0 5.0 0 3 4
214 1876 5.0 5.0 5.0 9 2 1,4
219 1317 5.0 5.0 5.0 9 13 2,4,0
246 323 5.0 5.0 5.0 2 13 0,3
248 59 5.0 5.0 5.0 13 2 2,3,1
271 24 5.0 5.0 5.0 13 2 2,0
300 1506 5.0 5.0 5.0 10 6 2,3,1
321 16 5.0 5.0 5.0 0 7 3,2
351 64 5.0 5.0 5.0 0 2 4,2,1
