20
0 90 5.0 5.0 5.0 11 10 4,2
16 463 5.0 5.0 5.0 13 11 0
36 145 5.0 5.0 5.0 11 10 4,3,4
54 958 5.0 5.0 5.0 10 6 0,1
57 84 5.0 5.0 5.0 10 4 4,3
58 50 5.0 5.0 5.0 4 12 2
65 423 5.0 5.0 5.0 7 2 0,3
112 253 5.0 5.0 5.0 3 7 2
125 243 5.0 5.0 5.0 11 6 4,2,1
135 558 5.0 5.0 5.0 6 3 3,2,0
135 98 5.0 5.0 5.0 6 11 3,4
138 1217 5.0 5.0 5.0 2 9 3,4,0
143 96 5.0 5.0 5.0 10 12 4,3,1
157 249 5.0 5.0 5.0 6 9 0
188 460 5.0 5.0 5.0 13 3 4,3
206 836 5.0 5.0 5.0 13 7 1
219 150 5.0 5.0 5.0 12 3 2,1,0
239 1227 5.0 5.0 5.0 13 12 4,3,4
286 186 5.0 5.0 5.0 2 13 2,1,2
293 1541 5.0 5.0 5.0 13 12 3,1
