30
0 938 3.3333333333333335 3.3333333333333335 3.3333333333333335 2 7 3,1,4
6 407 3.3333333333333335 3.3333333333333335 3.3333333333333335 1 5 0,3
28 703 3.3333333333333335 3.3333333333333335 3.3333333333333335 5 8 3
31 1764 3.3333333333333335 3.3333333333333335 3.3333333333333335 1 8 0,3
32 218 3.3333333333333335 3.3333333333333335 3.3333333333333335 0 7 3
45 86 3.3333333333333335 3.3333333333333335 3.3333333333333335 10 1 1
72 776 3.3333333333333335 3.3333333333333335 3.3333333333333335 1 7 0,4
73 1130 3.3333333333333335 3.3333333333333335 3.3333333333333335 8 0 3
131 163 3.3333333333333335 3.3333333333333335 3.3333333333333335 1 2 3
143 43 3.3333333333333335 3.3333333333333335 3.3333333333333335 7 1 1,4
145 872 3.3333333333333335 3.3333333333333335 3.3333333333333335 1 3 0,1
155 735 3.3333333333333335 3.3333333333333335 3.3333333333333335 2 7 3
173 316 3.3333333333333335 3.3333333333333335 3.3333333333333335 3 8 3,4
173 124 3.3333333333333335 3.3333333333333335 3.3333333333333335 4 3 0
175 97 3.3333333333333335 3.3333333333333335 3.3333333333333335 3 5 2,3
190 738 3.3333333333333335 3.3333333333333335 3.3333333333333335 8 1 3
199 1162 3.3333333333333335 3.3333333333333335 3.3333333333333335 4 7 0,3
226 234 3.3333333333333335 3.3333333333333335 3.3333333333333335 1 7 2
229 154 3.3333333333333335 3.3333333333333335 3.3333333333333335 1 5 2,4
274 362 3.3333333333333335 3.3333333333333335 3.3333333333333335 1 8 3,0
290 191 3.3333333333333335 3.3333333333333335 3.3333333333333335 2 0 0,4,0
305 16 3.3333333333333335 3.3333333333333335 3.3333333333333335 3 10 0,4
346 728 3.3333333333333335 3.3333333333333335 3.3333333333333335 1 10 3,4,1
426 44 3.3333333333333335 3.3333333333333335 3.3333333333333335 5 7 2,3,0
431 208 3.3333333333333335 3.3333333333333335 3.3333333333333335 8 2 1
440 1327 3.3333333333333335 3.3333333333333335 3.3333333333333335 1 3 2
465 40 3.3333333333333335 3.3333333333333335 3.3333333333333335 1 2 0
486 295 3.3333333333333335 3.3333333333333335 3.3333333333333335 8 7 1,4,3
497 557 3.3333333333333335 3.3333333333333335 3.3333333333333335 5 2 4,3
497 1660 3.3333333333333335 3.3333333333333335 3.3333333333333335 7 0 2,4,1
