20
0 255 5.0 5.0 5.0 2 7 1,0
51 2324 5.0 5.0 5.0 4 2 2,3,2
63 2544 5.0 5.0 5.0 2 1 3
79 445 5.0 5.0 5.0 3 10 1,4,2
104 231 5.0 5.0 5.0 10 8 3
137 192 5.0 5.0 5.0 2 10 0,4
152 254 5.0 5.0 5.0 5 1 4,2,1
157 673 5.0 5.0 5.0 5 4 4,3,4
165 1550 5.0 5.0 5.0 2 1 3
168 269 5.0 5.0 5.0 4 8 1
186 339 5.0 5.0 5.0 2 5 3,4
203 231 5.0 5.0 5.0 4 5 3,1
218 7 5.0 5.0 5.0 2 8 4
228 83 5.0 5.0 5.0 4 8 2
229 193 5.0 5.0 5.0 1 5 4,2,3
258 1124 5.0 5.0 5.0 4 3 1
268 168 5.0 5.0 5.0 10 7 1
289 151 5.0 5.0 5.0 8 2 2
291 384 5.0 5.0 5.0 4 10 0
297 605 5.0 5.0 5.0 10 8 3,0
