30
0 7 3.3333333333333335 3.3333333333333335 3.3333333333333335 3 4 2
47 374 3.3333333333333335 3.3333333333333335 3.3333333333333335 0 8 2,0
59 266 3.3333333333333335 3.3333333333333335 3.3333333333333335 0 1 4
121 169 3.3333333333333335 3.3333333333333335 3.3333333333333335 3 1 2
123 312 3.3333333333333335 3.3333333333333335 3.3333333333333335 5 7 2,4,0
131 1027 3.3333333333333335 3.3333333333333335 3.3333333333333335 1 7 2,1
189 404 3.3333333333333335 3.3333333333333335 3.3333333333333335 1 10 4,0,3
207 882 3.3333333333333335 3.3333333333333335 3.3333333333333335 3 5 0,3
254 293 3.3333333333333335 3.3333333333333335 3.3333333333333335 3 10 4
278 466 3.3333333333333335 3.3333333333333335 3.3333333333333335 3 7 4,0,4
280 9 3.3333333333333335 3.3333333333333335 3.3333333333333335 5 10 4,0,2
374 230 3.3333333333333335 3.3333333333333335 3.3333333333333335 5 3 4,2,3
404 1156 3.3333333333333335 3.3333333333333335 3.3333333333333335 8 1 3
405 475 3.3333333333333335 3.3333333333333335 3.3333333333333335 8 2 1
409 641 3.3333333333333335 3.3333333333333335 3.3333333333333335 2 10 2,1
419 345 3.3333333333333335 3.3333333333333335 3.3333333333333335 2 7 0,2
427 341 3.3333333333333335 3.3333333333333335 3.3333333333333335 4 2 3,0
427 331 3.3333333333333335 3.3333333333333335 3.3333333333333335 7 3 4
435 202 3.3333333333333335 3.3333333333333335 3.3333333333333335 1 2 1
435 589 3.3333333333333335 3.3333333333333335 3.3333333333333335 3 1 2,0,1
449 1404 3.3333333333333335 3.3333333333333335 3.3333333333333335 10 7 1,4
499 969 3.3333333333333335 3.3333333333333335 3.3333333333333335 4 0 0,2,3
510 358 3.3333333333333335 3.3333333333333335 3.3333333333333335 4 7 1,0
528 174 3.3333333333333335 3.3333333333333335 3.3333333333333335 7 1 2,4
577 444 3.3333333333333335 3.3333333333333335 3.3333333333333335 0 8 1,0,4
580 1170 3.3333333333333335 3.3333333333333335 3.3333333333333335 2 0 2
582 584 3.3333333333333335 3.3333333333333335 3.3333333333333335 0 10 3,2
588 782 3.3333333333333335 3.3333333333333335 3.3333333333333335 0 8 0
595 188 3.3333333333333335 3.3333333333333335 3.3333333333333335 0 1 1,2,3
611 188 3.3333333333333335 3.3333333333333335 3.3333333333333335 0 1 0,1,2
