20
0 1578 5.0 5.0 5.0 9 5 2
9 312 5.0 5.0 5.0 9 7 2
13 167 5.0 5.0 5.0 13 11 2,0
26 623 5.0 5.0 5.0 5 9 4,0,3
58 570 5.0 5.0 5.0 10 4 2
64 1606 5.0 5.0 5.0 10 2 2,1
69 685 5.0 5.0 5.0 13 11 2,3,2
88 627 5.0 5.0 5.0 0 7 0,2
92 437 5.0 5.0 5.0 13 4 3,4
93 646 5.0 5.0 5.0 9 13 1,4
93 23 5.0 5.0 5.0 10 2 0,1,4
102 2311 5.0 5.0 5.0 6 13 3
142 380 5.0 5.0 5.0 0 7 2,0,3
164 24 5.0 5.0 5.0 2 11 2,3
174 1452 5.0 5.0 5.0 7 4 2,0
188 2860 5.0 5.0 5.0 10 0 3,0,2
231 239 5.0 5.0 5.0 0 10 3
285 241 5.0 5.0 5.0 4 11 1,0,1
298 173 5.0 5.0 5.0 5 4 3
318 254 5.0 5.0 5.0 11 10 0,4,1
