20
0 1078 5.0 5.0 5.0 11 0 2,3
3 409 5.0 5.0 5.0 3 12 2,4,2
3 811 5.0 5.0 5.0 13 2 2
54 423 5.0 5.0 5.0 3 1 0,2
58 85 5.0 5.0 5.0 12 7 3
61 825 5.0 5.0 5.0 12 13 4,3,1
122 3623 5.0 5.0 5.0 11 1 3,2,3
126 146 5.0 5.0 5.0 3 13 4,3,2
131 265 5.0 5.0 5.0 3 1 2,1,2
157 371 5.0 5.0 5.0 5 3 2,0,3
187 601 5.0 5.0 5.0 10 5 0
217 179 5.0 5.0 5.0 12 2 2,0,2
220 155 5.0 5.0 5.0 1 7 4,1,2
222 299 5.0 5.0 5.0 7 1 0,2,0
234 52 5.0 5.0 5.0 3 11 2
235 433 5.0 5.0 5.0 12 11 3,1
268 316 5.0 5.0 5.0 1 12 2,4
309 789 5.0 5.0 5.0 7 11 2,3,4
318 314 5.0 5.0 5.0 10 11 1
347 311 5.0 5.0 5.0 11 13 2
