20
0 141 5.0 5.0 5.0 10 8 3,1,4
8 46 5.0 5.0 5.0 2 1 0,2,1
23 854 5.0 5.0 5.0 0 4 1,0,4
30 69 5.0 5.0 5.0 10 0 0,2,3
52 3 5.0 5.0 5.0 1 3 1,0,3
73 486 5.0 5.0 5.0 6 2 3,0,2
81 663 5.0 5.0 5.0 0 6 4,0,4
106 460 5.0 5.0 5.0 0 8 2,3
111 65 5.0 5.0 5.0 7 9 2,4,3
115 670 5.0 5.0 5.0 8 2 4
118 228 5.0 5.0 5.0 2 4 0,2,0
172 762 5.0 5.0 5.0 4 9 2,0,3
179 1009 5.0 5.0 5.0 4 0 3
179 426 5.0 5.0 5.0 2 1 3,1,3
196 152 5.0 5.0 5.0 2 1 0,2
211 163 5.0 5.0 5.0 9 6 4,0,3
239 152 5.0 5.0 5.0 3 2 1,0
241 253 5.0 5.0 5.0 6 13 2
274 60 5.0 5.0 5.0 6 4 4,0,1
303 1460 5.0 5.0 5.0 8 12 1,2
