30
0 419 3.3333333333333335 3.3333333333333335 3.3333333333333335 11 13 4,2
8 121 3.3333333333333335 3.3333333333333335 3.3333333333333335 6 11 3
17 164 3.3333333333333335 3.3333333333333335 3.3333333333333335 6 10 1,3
25 210 3.3333333333333335 3.3333333333333335 3.3333333333333335 8 6 1
26 87 3.3333333333333335 3.3333333333333335 3.3333333333333335 7 0 1,2
26 162 3.3333333333333335 3.3333333333333335 3.3333333333333335 1 7 4,1
94 269 3.3333333333333335 3.3333333333333335 3.3333333333333335 4 9 0,1,4
112 715 3.3333333333333335 3.3333333333333335 3.3333333333333335 1 8 2,0
166 1349 3.3333333333333335 3.3333333333333335 3.3333333333333335 13 1 1
170 897 3.3333333333333335 3.3333333333333335 3.3333333333333335 0 11 1
179 104 3.3333333333333335 3.3333333333333335 3.3333333333333335 6 13 2,3
205 346 3.3333333333333335 3.3333333333333335 3.3333333333333335 2 11 4
268 1 3.3333333333333335 3.3333333333333335 3.3333333333333335 8 11 1
282 823 3.3333333333333335 3.3333333333333335 3.3333333333333335 10 3 0,2
288 215 3.3333333333333335 3.3333333333333335 3.3333333333333335 8 6 4
308 40 3.3333333333333335 3.3333333333333335 3.3333333333333335 11 6 3,1,0
354 313 3.3333333333333335 3.3333333333333335 3.3333333333333335 1 10 1,0,3
362 133 3.3333333333333335 3.3333333333333335 3.3333333333333335 2 13 0
374 866 3.3333333333333335 3.3333333333333335 3.3333333333333335 4 8 0,1
411 45 3.3333333333333335 3.3333333333333335 3.3333333333333335 0 3 1,3,2
418 361 3.3333333333333335 3.3333333333333335 3.3333333333333335 8 13 4
433 17 3.3333333333333335 3.3333333333333335 3.3333333333333335 0 8 0,4
441 95 3.3333333333333335 3.3333333333333335 3.3333333333333335 10 0 4,0,4
469 1462 3.3333333333333335 3.3333333333333335 3.3333333333333335 9 10 4,2,1
474 1151 3.3333333333333335 3.3333333333333335 3.3333333333333335 9 12 0,3
487 746 3.3333333333333335 3.3333333333333335 3.3333333333333335 11 6 2
493 112 3.3333333333333335 3.3333333333333335 3.3333333333333335 4 10 3,4
494 304 3.3333333333333335 3.3333333333333335 3.3333333333333335 12 7 2,0
498 246 3.3333333333333335 3.3333333333333335 3.3333333333333335 9 7 2,1,4
562 433 3.3333333333333335 3.3333333333333335 3.3333333333333335 7 13 4,3,0
