20
0 169 5.0 5.0 5.0 0 8 3,4,2
2 42 5.0 5.0 5.0 10 4 0,4
54 443 5.0 5.0 5.0 7 4 2
90 892 5.0 5.0 5.0 7 5 1
92 676 5.0 5.0 5.0 0 3 3
105 338 5.0 5.0 5.0 8 2 3,0,2
125 133 5.0 5.0 5.0 4 5 2,1,0
129 81 5.0 5.0 5.0 2 4 3
153 10 5.0 5.0 5.0 0 5 0
168 97 5.0 5.0 5.0 2 8 1
219 1226 5.0 5.0 5.0 0 1 3
230 198 5.0 5.0 5.0 0 1 1,3
231 1078 5.0 5.0 5.0 4 8 1,0,2
238 653 5.0 5.0 5.0 0 5 4,2,3
255 42 5.0 5.0 5.0 4 2 1
332 34 5.0 5.0 5.0 4 3 2,4
384 111 5.0 5.0 5.0 10 8 1,2
420 241 5.0 5.0 5.0 4 1 3,2
421 151 5.0 5.0 5.0 10 0 2
423 1014 5.0 5.0 5.0 4 10 2,1,3
