30
0 100 3.3333333333333335 3.3333333333333335 3.3333333333333335 3 4 3,2,0
31 540 3.3333333333333335 3.3333333333333335 3.3333333333333335 0 7 4
40 118 3.3333333333333335 3.3333333333333335 3.3333333333333335 0 6 2,1
61 31 3.3333333333333335 3.3333333333333335 3.3333333333333335 7 6 4,3,2
72 283 3.3333333333333335 3.3333333333333335 3.3333333333333335 13 3 4,1
105 4 3.3333333333333335 3.3333333333333335 3.3333333333333335 1 10 0,4
120 45 3.3333333333333335 3.3333333333333335 3.3333333333333335 9 7 1,2
140 143 3.3333333333333335 3.3333333333333335 3.3333333333333335 9 4 2,0
154 66 3.3333333333333335 3.3333333333333335 3.3333333333333335 9 6 2,4
169 525 3.3333333333333335 3.3333333333333335 3.3333333333333335 6 2 4,0
216 630 3.3333333333333335 3.3333333333333335 3.3333333333333335 0 13 4
250 726 3.3333333333333335 3.3333333333333335 3.3333333333333335 6 3 0
277 83 3.3333333333333335 3.3333333333333335 3.3333333333333335 8 6 4,2
290 330 3.3333333333333335 3.3333333333333335 3.3333333333333335 9 3 0
307 194 3.3333333333333335 3.3333333333333335 3.3333333333333335 8 3 2,1,3
307 21 3.3333333333333335 3.3333333333333335 3.3333333333333335 11 12 3
318 11 3.3333333333333335 3.3333333333333335 3.3333333333333335 8 4 0,2
347 1006 3.3333333333333335 3.3333333333333335 3.3333333333333335 4 7 1,2,3
357 537 3.3333333333333335 3.3333333333333335 3.3333333333333335 11 7 1,3
357 1748 3.3333333333333335 3.3333333333333335 3.3333333333333335 11 12 1
376 2183 3.3333333333333335 3.3333333333333335 3.3333333333333335 11 10 4,1
379 285 3.3333333333333335 3.3333333333333335 3.3333333333333335 7 4 3,0
420 93 3.3333333333333335 3.3333333333333335 3.3333333333333335 10 3 1
425 269 3.3333333333333335 3.3333333333333335 3.3333333333333335 7 13 4,3
456 528 3.3333333333333335 3.3333333333333335 3.3333333333333335 8 11 2,1
468 618 3.3333333333333335 3.3333333333333335 3.3333333333333335 0 9 2
517 162 3.3333333333333335 3.3333333333333335 3.3333333333333335 8 4 3
521 205 3.3333333333333335 3.3333333333333335 3.3333333333333335 8 0 2
549 440 3.3333333333333335 3.3333333333333335 3.3333333333333335 10 3 1
558 1731 3.3333333333333335 3.3333333333333335 3.3333333333333335 8 2 3
