30
0 1178 3.3333333333333335 3.3333333333333335 3.3333333333333335 3 10 1,0,4
6 2849 3.3333333333333335 3.3333333333333335 3.3333333333333335 2 4 2
11 336 3.3333333333333335 3.3333333333333335 3.3333333333333335 11 9 0,4
12 78 3.3333333333333335 3.3333333333333335 3.3333333333333335 12 2 0,3,2
26 665 3.3333333333333335 3.3333333333333335 3.3333333333333335 7 6 1,0,2
41 872 3.3333333333333335 3.3333333333333335 3.3333333333333335 12 3 0,2
41 223 3.3333333333333335 3.3333333333333335 3.3333333333333335 0 9 3,0,1
58 1785 3.3333333333333335 3.3333333333333335 3.3333333333333335 4 2 3
74 2178 3.3333333333333335 3.3333333333333335 3.3333333333333335 2 8 2,1
131 910 3.3333333333333335 3.3333333333333335 3.3333333333333335 12 3 3,2,0
139 197 3.3333333333333335 3.3333333333333335 3.3333333333333335 7 8 4,1
151 363 3.3333333333333335 3.3333333333333335 3.3333333333333335 12 11 3
155 747 3.3333333333333335 3.3333333333333335 3.3333333333333335 7 10 2
171 227 3.3333333333333335 3.3333333333333335 3.3333333333333335 1 4 0,2,3
175 120 3.3333333333333335 3.3333333333333335 3.3333333333333335 12 9 3,0,3
177 1344 3.3333333333333335 3.3333333333333335 3.3333333333333335 1 0 2
220 44 3.3333333333333335 3.3333333333333335 3.3333333333333335 6 3 0,2
230 1388 3.3333333333333335 3.3333333333333335 3.3333333333333335 7 4 2
241 894 3.3333333333333335 3.3333333333333335 3.3333333333333335 10 9 2,1
243 124 3.3333333333333335 3.3333333333333335 3.3333333333333335 12 3 1,0,2
258 1071 3.3333333333333335 3.3333333333333335 3.3333333333333335 9 11 3,0
259 309 3.3333333333333335 3.3333333333333335 3.3333333333333335 2 12 2
264 382 3.3333333333333335 3.3333333333333335 3.3333333333333335 11 4 4,1,2
307 1051 3.3333333333333335 3.3333333333333335 3.3333333333333335 6 11 3,4
311 261 3.3333333333333335 3.3333333333333335 3.3333333333333335 1 6 1,3,1
318 166 3.3333333333333335 3.3333333333333335 3.3333333333333335 2 4 1,2,3
319 703 3.3333333333333335 3.3333333333333335 3.3333333333333335 12 2 2,3
396 764 3.3333333333333335 3.3333333333333335 3.3333333333333335 0 11 2
401 62 3.3333333333333335 3.3333333333333335 3.3333333333333335 9 3 0,3,4
449 1078 3.3333333333333335 3.3333333333333335 3.3333333333333335 8 2 0,1
