20
0 990 5.0 5.0 5.0 7 4 4,3
39 756 5.0 5.0 5.0 4 7 1,2,4
68 383 5.0 5.0 5.0 10 3 0
68 72 5.0 5.0 5.0 3 2 4
73 277 5.0 5.0 5.0 11 12 3,1,2
75 183 5.0 5.0 5.0 2 13 3
81 220 5.0 5.0 5.0 7 9 3
88 278 5.0 5.0 5.0 4 11 0,4
98 100 5.0 5.0 5.0 4 13 1,0,1
130 612 5.0 5.0 5.0 11 10 3,2
187 453 5.0 5.0 5.0 13 2 1,0,2
247 567 5.0 5.0 5.0 10 12 0
280 71 5.0 5.0 5.0 13 6 1,0,4
314 749 5.0 5.0 5.0 11 2 2
335 12 5.0 5.0 5.0 2 4 1,2
342 314 5.0 5.0 5.0 12 13 2
366 2 5.0 5.0 5.0 12 2 3
477 37 5.0 5.0 5.0 13 3 3
516 739 5.0 5.0 5.0 12 2 3,0
520 544 5.0 5.0 5.0 7 2 1,2
