30
0 111 3.3333333333333335 3.3333333333333335 3.3333333333333335 7 12 0
4 1034 3.3333333333333335 3.3333333333333335 3.3333333333333335 2 11 2,4,3
23 161 3.3333333333333335 3.3333333333333335 3.3333333333333335 6 2 4,0
26 213 3.3333333333333335 3.3333333333333335 3.3333333333333335 13 2 3
31 382 3.3333333333333335 3.3333333333333335 3.3333333333333335 2 6 3,4,2
51 55 3.3333333333333335 3.3333333333333335 3.3333333333333335 7 3 0,3,2
77 409 3.3333333333333335 3.3333333333333335 3.3333333333333335 11 13 4
78 921 3.3333333333333335 3.3333333333333335 3.3333333333333335 11 10 3
128 219 3.3333333333333335 3.3333333333333335 3.3333333333333335 2 9 2,4
158 388 3.3333333333333335 3.3333333333333335 3.3333333333333335 7 3 1,2
161 780 3.3333333333333335 3.3333333333333335 3.3333333333333335 3 12 4,0
166 758 3.3333333333333335 3.3333333333333335 3.3333333333333335 7 2 0,1
173 183 3.3333333333333335 3.3333333333333335 3.3333333333333335 7 9 3
179 68 3.3333333333333335 3.3333333333333335 3.3333333333333335 4 9 2,0,4
199 889 3.3333333333333335 3.3333333333333335 3.3333333333333335 9 12 2
209 157 3.3333333333333335 3.3333333333333335 3.3333333333333335 7 10 0,3
214 160 3.3333333333333335 3.3333333333333335 3.3333333333333335 4 3 4,0
248 124 3.3333333333333335 3.3333333333333335 3.3333333333333335 9 7 2,4,0
290 12 3.3333333333333335 3.3333333333333335 3.3333333333333335 3 13 0
314 413 3.3333333333333335 3.3333333333333335 3.3333333333333335 2 13 2,1
394 167 3.3333333333333335 3.3333333333333335 3.3333333333333335 6 9 4,2
414 61 3.3333333333333335 3.3333333333333335 3.3333333333333335 6 10 2,4,3
434 714 3.3333333333333335 3.3333333333333335 3.3333333333333335 13 4 1,0
497 305 3.3333333333333335 3.3333333333333335 3.3333333333333335 9 10 2,4,2
503 1228 3.3333333333333335 3.3333333333333335 3.3333333333333335 4 6 2,1,3
515 194 3.3333333333333335 3.3333333333333335 3.3333333333333335 3 10 2,1
521 724 3.3333333333333335 3.3333333333333335 3.3333333333333335 11 3 0,2,0
554 483 3.3333333333333335 3.3333333333333335 3.3333333333333335 2 7 4
605 344 3.3333333333333335 3.3333333333333335 3.3333333333333335 2 12 2,3
629 294 3.3333333333333335 3.3333333333333335 3.3333333333333335 7 13 1,4,2
