20
0 547 5.0 5.0 5.0 0 5 2,3,2
20 70 5.0 5.0 5.0 3 2 2,0,4
86 350 5.0 5.0 5.0 10 0 4
90 429 5.0 5.0 5.0 4 0 0,2
91 40 5.0 5.0 5.0 1 4 1,4
109 277 5.0 5.0 5.0 4 5 4
136 109 5.0 5.0 5.0 2 0 0,4
146 449 5.0 5.0 5.0 5 2 2,4
199 5 5.0 5.0 5.0 0 1 3,2,3
222 332 5.0 5.0 5.0 10 7 0,4
250 1152 5.0 5.0 5.0 5 8 0
272 143 5.0 5.0 5.0 8 3 3,4,0
279 365 5.0 5.0 5.0 7 3 3,4
292 275 5.0 5.0 5.0 4 3 1
299 104 5.0 5.0 5.0 10 5 4,2,4
356 930 5.0 5.0 5.0 3 10 3
368 661 5.0 5.0 5.0 8 0 3,2,4
369 533 5.0 5.0 5.0 1 5 4,1
375 59 5.0 5.0 5.0 0 7 3,2,0
393 460 5.0 5.0 5.0 1 2 1
