30
0 1049 3.3333333333333335 3.3333333333333335 3.3333333333333335 10 11 2,1
5 86 3.3333333333333335 3.3333333333333335 3.3333333333333335 11 1 3
13 242 3.3333333333333335 3.3333333333333335 3.3333333333333335 0 10 0,2,1
22 251 3.3333333333333335 3.3333333333333335 3.3333333333333335 0 3 1,3
24 180 3.3333333333333335 3.3333333333333335 3.3333333333333335 1 2 0,1
57 380 3.3333333333333335 3.3333333333333335 3.3333333333333335 3 10 0,2
100 437 3.3333333333333335 3.3333333333333335 3.3333333333333335 8 2 0,4
112 509 3.3333333333333335 3.3333333333333335 3.3333333333333335 13 8 2,3,4
148 436 3.3333333333333335 3.3333333333333335 3.3333333333333335 4 7 4,0
151 158 3.3333333333333335 3.3333333333333335 3.3333333333333335 0 2 3
179 72 3.3333333333333335 3.3333333333333335 3.3333333333333335 7 1 2
196 433 3.3333333333333335 3.3333333333333335 3.3333333333333335 12 2 0,1
198 582 3.3333333333333335 3.3333333333333335 3.3333333333333335 10 0 0,4,2
203 556 3.3333333333333335 3.3333333333333335 3.3333333333333335 8 11 1,0
203 1016 3.3333333333333335 3.3333333333333335 3.3333333333333335 9 10 4,0
205 449 3.3333333333333335 3.3333333333333335 3.3333333333333335 4 11 1,2
206 110 3.3333333333333335 3.3333333333333335 3.3333333333333335 1 0 1,3,0
212 431 3.3333333333333335 3.3333333333333335 3.3333333333333335 13 7 3,0,3
243 122 3.3333333333333335 3.3333333333333335 3.3333333333333335 3 2 3,2
274 808 3.3333333333333335 3.3333333333333335 3.3333333333333335 0 1 1,2,4
282 677 3.3333333333333335 3.3333333333333335 3.3333333333333335 0 11 4
283 901 3.3333333333333335 3.3333333333333335 3.3333333333333335 12 0 1
304 431 3.3333333333333335 3.3333333333333335 3.3333333333333335 12 11 2,0,3
333 667 3.3333333333333335 3.3333333333333335 3.3333333333333335 11 4 0
358 425 3.3333333333333335 3.3333333333333335 3.3333333333333335 10 6 0,2,3
359 277 3.3333333333333335 3.3333333333333335 3.3333333333333335 11 0 1,3,4
366 29 3.3333333333333335 3.3333333333333335 3.3333333333333335 12 9 4,2,4
376 639 3.3333333333333335 3.3333333333333335 3.3333333333333335 0 6 3
436 434 3.3333333333333335 3.3333333333333335 3.3333333333333335 4 10 0,1
453 356 3.3333333333333335 3.3333333333333335 3.3333333333333335 9 4 0,3,1
