20
0 112 5.0 5.0 5.0 0 9 3,4
47 104 5.0 5.0 5.0 9 4 1,4,3
73 798 5.0 5.0 5.0 8 13 2
147 224 5.0 5.0 5.0 13 3 1,4
173 1258 5.0 5.0 5.0 1 3 1,4
198 367 5.0 5.0 5.0 6 3 2,1
234 540 5.0 5.0 5.0 4 0 2
256 232 5.0 5.0 5.0 9 6 3
275 60 5.0 5.0 5.0 4 2 1,3
344 392 5.0 5.0 5.0 13 6 3,2,3
351 1405 5.0 5.0 5.0 6 0 0
356 167 5.0 5.0 5.0 8 9 2,4,1
376 316 5.0 5.0 5.0 8 1 3,2,0
398 1232 5.0 5.0 5.0 2 1 1,0
405 1428 5.0 5.0 5.0 1 9 1
441 273 5.0 5.0 5.0 0 8 0,3,4
470 30 5.0 5.0 5.0 1 3 2
502 711 5.0 5.0 5.0 3 9 3,4,1
509 117 5.0 5.0 5.0 2 8 1
520 928 5.0 5.0 5.0 6 0 3,1
