20
0 211 5.0 5.0 5.0 6 12 4,3,1
1 686 5.0 5.0 5.0 9 7 1
4 183 5.0 5.0 5.0 8 7 4,1,3
11 286 5.0 5.0 5.0 1 2 3
43 116 5.0 5.0 5.0 7 6 0
62 870 5.0 5.0 5.0 10 8 4
79 36 5.0 5.0 5.0 10 4 1,4
81 1381 5.0 5.0 5.0 12 2 4,2,4
90 1625 5.0 5.0 5.0 7 8 0,1,2
93 476 5.0 5.0 5.0 13 12 2,1,4
110 543 5.0 5.0 5.0 7 9 1,3
110 700 5.0 5.0 5.0 0 9 1,3,2
164 86 5.0 5.0 5.0 6 11 3
166 82 5.0 5.0 5.0 0 8 2,3,0
226 362 5.0 5.0 5.0 7 11 2
236 75 5.0 5.0 5.0 13 7 0,3,2
255 213 5.0 5.0 5.0 8 2 3,0
256 117 5.0 5.0 5.0 7 12 4,0
266 396 5.0 5.0 5.0 9 1 4
270 424 5.0 5.0 5.0 2 9 0,3,2
