30
0 125 3.3333333333333335 3.3333333333333335 3.3333333333333335 10 12 3
33 1795 3.3333333333333335 3.3333333333333335 3.3333333333333335 6 9 3,1,2
66 322 3.3333333333333335 3.3333333333333335 3.3333333333333335 10 3 3,0
74 1200 3.3333333333333335 3.3333333333333335 3.3333333333333335 3 6 2,4
104 351 3.3333333333333335 3.3333333333333335 3.3333333333333335 12 6 0,4
123 76 3.3333333333333335 3.3333333333333335 3.3333333333333335 12 3 0
174 248 3.3333333333333335 3.3333333333333335 3.3333333333333335 2 13 4
185 247 3.3333333333333335 3.3333333333333335 3.3333333333333335 12 10 0
244 2523 3.3333333333333335 3.3333333333333335 3.3333333333333335 10 3 3,1,2
248 709 3.3333333333333335 3.3333333333333335 3.3333333333333335 13 12 3
258 651 3.3333333333333335 3.3333333333333335 3.3333333333333335 3 7 3,2,0
303 77 3.3333333333333335 3.3333333333333335 3.3333333333333335 2 12 1,0
325 653 3.3333333333333335 3.3333333333333335 3.3333333333333335 7 11 2,1
347 7 3.3333333333333335 3.3333333333333335 3.3333333333333335 11 6 3,4
377 52 3.3333333333333335 3.3333333333333335 3.3333333333333335 9 13 1,0
396 904 3.3333333333333335 3.3333333333333335 3.3333333333333335 4 6 4,2
483 40 3.3333333333333335 3.3333333333333335 3.3333333333333335 13 2 4
491 659 3.3333333333333335 3.3333333333333335 3.3333333333333335 12 4 4
536 488 3.3333333333333335 3.3333333333333335 3.3333333333333335 7 4 0,2
570 190 3.3333333333333335 3.3333333333333335 3.3333333333333335 11 3 4
601 693 3.3333333333333335 3.3333333333333335 3.3333333333333335 9 10 0,1
608 508 3.3333333333333335 3.3333333333333335 3.3333333333333335 6 13 1,4,2
657 772 3.3333333333333335 3.3333333333333335 3.3333333333333335 2 9 3
665 429 3.3333333333333335 3.3333333333333335 3.3333333333333335 13 12 2,1,3
670 1523 3.3333333333333335 3.3333333333333335 3.3333333333333335 6 4 0,2
690 543 3.3333333333333335 3.3333333333333335 3.3333333333333335 11 7 1
715 1459 3.3333333333333335 3.3333333333333335 3.3333333333333335 7 12 0,4
747 942 3.3333333333333335 3.3333333333333335 3.3333333333333335 11 9 1,4,0
755 945 3.3333333333333335 3.3333333333333335 3.3333333333333335 7 4 0,4
759 1406 3.3333333333333335 3.3333333333333335 3.3333333333333335 13 11 1,4
