30
0 491 3.3333333333333335 3.3333333333333335 3.3333333333333335 4 7 2
63 8 3.3333333333333335 3.3333333333333335 3.3333333333333335 10 4 3,0,1
73 739 3.3333333333333335 3.3333333333333335 3.3333333333333335 0 2 1
99 91 3.3333333333333335 3.3333333333333335 3.3333333333333335 5 7 2,3
115 557 3.3333333333333335 3.3333333333333335 3.3333333333333335 3 2 3,0
137 1666 3.3333333333333335 3.3333333333333335 3.3333333333333335 2 7 2,4,2
175 986 3.3333333333333335 3.3333333333333335 3.3333333333333335 2 0 4,3
175 156 3.3333333333333335 3.3333333333333335 3.3333333333333335 4 5 3
197 201 3.3333333333333335 3.3333333333333335 3.3333333333333335 3 1 2
203 911 3.3333333333333335 3.3333333333333335 3.3333333333333335 4 7 3
226 675 3.3333333333333335 3.3333333333333335 3.3333333333333335 0 2 1,3,1
258 61 3.3333333333333335 3.3333333333333335 3.3333333333333335 3 0 1,3
262 56 3.3333333333333335 3.3333333333333335 3.3333333333333335 8 3 1
274 1347 3.3333333333333335 3.3333333333333335 3.3333333333333335 10 2 3,4
303 115 3.3333333333333335 3.3333333333333335 3.3333333333333335 2 3 0,4,0
314 621 3.3333333333333335 3.3333333333333335 3.3333333333333335 5 10 0,3
343 602 3.3333333333333335 3.3333333333333335 3.3333333333333335 1 10 4,1
435 2249 3.3333333333333335 3.3333333333333335 3.3333333333333335 1 7 3,4,0
436 434 3.3333333333333335 3.3333333333333335 3.3333333333333335 2 4 3
466 524 3.3333333333333335 3.3333333333333335 3.3333333333333335 5 0 1
470 836 3.3333333333333335 3.3333333333333335 3.3333333333333335 1 10 4,2,1
476 12 3.3333333333333335 3.3333333333333335 3.3333333333333335 8 2 4,0
491 1192 3.3333333333333335 3.3333333333333335 3.3333333333333335 8 0 2,3,4
569 502 3.3333333333333335 3.3333333333333335 3.3333333333333335 5 3 4,1
572 462 3.3333333333333335 3.3333333333333335 3.3333333333333335 2 3 1,3
574 188 3.3333333333333335 3.3333333333333335 3.3333333333333335 10 2 1,2,0
597 375 3.3333333333333335 3.3333333333333335 3.3333333333333335 1 8 1
604 475 3.3333333333333335 3.3333333333333335 3.3333333333333335 7 8 1,0,3
605 333 3.3333333333333335 3.3333333333333335 3.3333333333333335 3 5 0,1,2
651 698 3.3333333333333335 3.3333333333333335 3.3333333333333335 3 1 1,3,4
