30
0 1218 3.3333333333333335 3.3333333333333335 3.3333333333333335 10 2 1,3,2
1 2669 3.3333333333333335 3.3333333333333335 3.3333333333333335 3 0 3
43 301 3.3333333333333335 3.3333333333333335 3.3333333333333335 1 2 0
67 123 3.3333333333333335 3.3333333333333335 3.3333333333333335 8 5 2,3,2
103 1810 3.3333333333333335 3.3333333333333335 3.3333333333333335 3 4 3
173 663 3.3333333333333335 3.3333333333333335 3.3333333333333335 7 3 3
180 372 3.3333333333333335 3.3333333333333335 3.3333333333333335 8 7 4,1,3
184 204 3.3333333333333335 3.3333333333333335 3.3333333333333335 1 8 3
211 1334 3.3333333333333335 3.3333333333333335 3.3333333333333335 1 8 2,3,0
212 1430 3.3333333333333335 3.3333333333333335 3.3333333333333335 1 3 0,2
224 404 3.3333333333333335 3.3333333333333335 3.3333333333333335 1 2 3
225 198 3.3333333333333335 3.3333333333333335 3.3333333333333335 0 10 0
244 759 3.3333333333333335 3.3333333333333335 3.3333333333333335 3 7 0,1,3
284 943 3.3333333333333335 3.3333333333333335 3.3333333333333335 2 10 4,2
316 76 3.3333333333333335 3.3333333333333335 3.3333333333333335 4 5 2
322 468 3.3333333333333335 3.3333333333333335 3.3333333333333335 4 7 3,1
339 501 3.3333333333333335 3.3333333333333335 3.3333333333333335 1 2 3,0
415 11 3.3333333333333335 3.3333333333333335 3.3333333333333335 10 8 3,2
424 750 3.3333333333333335 3.3333333333333335 3.3333333333333335 2 1 2
428 71 3.3333333333333335 3.3333333333333335 3.3333333333333335 7 1 3
452 290 3.3333333333333335 3.3333333333333335 3.3333333333333335 1 10 1,3
453 184 3.3333333333333335 3.3333333333333335 3.3333333333333335 4 8 4
461 125 3.3333333333333335 3.3333333333333335 3.3333333333333335 0 5 0,1
476 2819 3.3333333333333335 3.3333333333333335 3.3333333333333335 1 4 2,3,0
478 507 3.3333333333333335 3.3333333333333335 3.3333333333333335 5 7 3
501 1054 3.3333333333333335 3.3333333333333335 3.3333333333333335 10 0 4
512 82 3.3333333333333335 3.3333333333333335 3.3333333333333335 3 8 3,1
519 687 3.3333333333333335 3.3333333333333335 3.3333333333333335 1 3 2,4
559 81 3.3333333333333335 3.3333333333333335 3.3333333333333335 5 8 0,4
569 826 3.3333333333333335 3.3333333333333335 3.3333333333333335 7 3 1,2
