20
0 28 5.0 5.0 5.0 6 13 0,3
11 387 5.0 5.0 5.0 10 2 1
17 179 5.0 5.0 5.0 10 3 2,1
38 438 5.0 5.0 5.0 11 6 2
56 216 5.0 5.0 5.0 6 9 1,3
69 167 5.0 5.0 5.0 4 10 3,4,3
128 302 5.0 5.0 5.0 7 12 3
165 450 5.0 5.0 5.0 7 2 4,2,1
184 795 5.0 5.0 5.0 6 9 3,1,0
224 782 5.0 5.0 5.0 13 9 0,4
252 240 5.0 5.0 5.0 10 6 4,1,3
266 18 5.0 5.0 5.0 9 6 2,4
281 1105 5.0 5.0 5.0 6 13 0,3,1
288 300 5.0 5.0 5.0 6 2 3,1,0
290 590 5.0 5.0 5.0 13 6 1,3
304 450 5.0 5.0 5.0 6 13 2,3
311 518 5.0 5.0 5.0 11 2 0,3,0
320 131 5.0 5.0 5.0 10 4 0,3,1
326 968 5.0 5.0 5.0 10 7 2,3,4
360 19 5.0 5.0 5.0 6 3 0
