20
0 134 5.0 5.0 5.0 4 2 2,1
3 536 5.0 5.0 5.0 8 4 0,4,1
3 194 5.0 5.0 5.0 3 4 2,3,1
15 149 5.0 5.0 5.0 7 5 4
37 430 5.0 5.0 5.0 10 2 4,0,2
67 1043 5.0 5.0 5.0 4 1 3,4,1
68 597 5.0 5.0 5.0 7 10 4,0,3
166 619 5.0 5.0 5.0 1 7 3,1,4
166 306 5.0 5.0 5.0 1 0 2,1,0
169 203 5.0 5.0 5.0 4 7 4,2
176 521 5.0 5.0 5.0 5 10 1,3
179 185 5.0 5.0 5.0 3 1 1
191 370 5.0 5.0 5.0 8 5 4,0,2
213 243 5.0 5.0 5.0 0 3 1,4
217 97 5.0 5.0 5.0 5 8 1
230 1004 5.0 5.0 5.0 7 8 1,2
233 352 5.0 5.0 5.0 4 0 2,1
280 8 5.0 5.0 5.0 2 5 3,0,3
331 474 5.0 5.0 5.0 7 1 2,0
335 1171 5.0 5.0 5.0 2 10 0,1
