30
0 958 3.3333333333333335 3.3333333333333335 3.3333333333333335 1 2 0,2,3
17 127 3.3333333333333335 3.3333333333333335 3.3333333333333335 9 8 0,3,0
32 42 3.3333333333333335 3.3333333333333335 3.3333333333333335 2 8 1,0
57 209 3.3333333333333335 3.3333333333333335 3.3333333333333335 4 11 3,2
65 1504 3.3333333333333335 3.3333333333333335 3.3333333333333335 6 1 2,3,0
104 4 3.3333333333333335 3.3333333333333335 3.3333333333333335 8 2 3,4
110 446 3.3333333333333335 3.3333333333333335 3.3333333333333335 4 1 3,1
151 189 3.3333333333333335 3.3333333333333335 3.3333333333333335 6 0 2,1,2
184 257 3.3333333333333335 3.3333333333333335 3.3333333333333335 2 4 3,2
188 119 3.3333333333333335 3.3333333333333335 3.3333333333333335 4 2 0
226 802 3.3333333333333335 3.3333333333333335 3.3333333333333335 2 0 2,3,2
234 409 3.3333333333333335 3.3333333333333335 3.3333333333333335 3 8 1,0,1
237 11 3.3333333333333335 3.3333333333333335 3.3333333333333335 0 3 4
239 587 3.3333333333333335 3.3333333333333335 3.3333333333333335 6 0 1,0
243 837 3.3333333333333335 3.3333333333333335 3.3333333333333335 1 11 2,1
248 682 3.3333333333333335 3.3333333333333335 3.3333333333333335 11 9 2,4
304 180 3.3333333333333335 3.3333333333333335 3.3333333333333335 11 4 4,3
304 1316 3.3333333333333335 3.3333333333333335 3.3333333333333335 8 3 3,0
340 198 3.3333333333333335 3.3333333333333335 3.3333333333333335 3 2 0
343 195 3.3333333333333335 3.3333333333333335 3.3333333333333335 9 0 1
363 1099 3.3333333333333335 3.3333333333333335 3.3333333333333335 11 8 2,0
364 152 3.3333333333333335 3.3333333333333335 3.3333333333333335 1 0 1,3,2
378 161 3.3333333333333335 3.3333333333333335 3.3333333333333335 1 3 2
388 442 3.3333333333333335 3.3333333333333335 3.3333333333333335 3 9 1,4,2
389 48 3.3333333333333335 3.3333333333333335 3.3333333333333335 2 4 0,1,0
394 306 3.3333333333333335 3.3333333333333335 3.3333333333333335 1 13 2,1
394 494 3.3333333333333335 3.3333333333333335 3.3333333333333335 1 0 3,4,0
405 78 3.3333333333333335 3.3333333333333335 3.3333333333333335 2 13 2,3
415 716 3.3333333333333335 3.3333333333333335 3.3333333333333335 6 13 1,2,3
422 588 3.3333333333333335 3.3333333333333335 3.3333333333333335 9 6 1
