20
0 1622 5.0 5.0 5.0 13 4 3
12 284 5.0 5.0 5.0 6 3 3,1,4
19 430 5.0 5.0 5.0 0 8 2,4
24 1150 5.0 5.0 5.0 12 10 3,2,4
58 551 5.0 5.0 5.0 6 13 0,3
79 636 5.0 5.0 5.0 7 1 1,2
140 65 5.0 5.0 5.0 12 1 3,4
167 579 5.0 5.0 5.0 3 10 1,3
174 114 5.0 5.0 5.0 0 4 1,0,3
204 805 5.0 5.0 5.0 13 12 0,3,4
220 370 5.0 5.0 5.0 13 1 3,2
241 72 5.0 5.0 5.0 6 12 0,3,4
249 234 5.0 5.0 5.0 1 2 2
255 999 5.0 5.0 5.0 6 2 3,0
281 107 5.0 5.0 5.0 13 3 0
362 976 5.0 5.0 5.0 13 0 4,0,3
367 1297 5.0 5.0 5.0 3 12 3
376 152 5.0 5.0 5.0 1 13 4,1
386 362 5.0 5.0 5.0 2 7 2,4,2
405 109 5.0 5.0 5.0 6 12 3,0
