30
0 288 3.3333333333333335 3.3333333333333335 3.3333333333333335 5 1 2,1,2
22 607 3.3333333333333335 3.3333333333333335 3.3333333333333335 2 7 2,0
24 40 3.3333333333333335 3.3333333333333335 3.3333333333333335 2 10 0,2,1
45 151 3.3333333333333335 3.3333333333333335 3.3333333333333335 2 12 2,4
73 490 3.3333333333333335 3.3333333333333335 3.3333333333333335 0 5 0
96 580 3.3333333333333335 3.3333333333333335 3.3333333333333335 13 0 1
125 118 3.3333333333333335 3.3333333333333335 3.3333333333333335 13 3 2,1
136 515 3.3333333333333335 3.3333333333333335 3.3333333333333335 5 7 1,0
141 360 3.3333333333333335 3.3333333333333335 3.3333333333333335 12 3 4,0
187 1059 3.3333333333333335 3.3333333333333335 3.3333333333333335 5 0 2,4
214 133 3.3333333333333335 3.3333333333333335 3.3333333333333335 1 7 2,1,4
217 346 3.3333333333333335 3.3333333333333335 3.3333333333333335 13 11 3,4,3
220 654 3.3333333333333335 3.3333333333333335 3.3333333333333335 11 0 1
254 137 3.3333333333333335 3.3333333333333335 3.3333333333333335 11 1 2
269 118 3.3333333333333335 3.3333333333333335 3.3333333333333335 5 3 2
273 157 3.3333333333333335 3.3333333333333335 3.3333333333333335 13 5 4,2,4
284 681 3.3333333333333335 3.3333333333333335 3.3333333333333335 1 0 4
289 1693 3.3333333333333335 3.3333333333333335 3.3333333333333335 2 3 3
320 539 3.3333333333333335 3.3333333333333335 3.3333333333333335 11 5 3
323 952 3.3333333333333335 3.3333333333333335 3.3333333333333335 7 11 1,0
330 422 3.3333333333333335 3.3333333333333335 3.3333333333333335 5 11 1,2,3
337 5 3.3333333333333335 3.3333333333333335 3.3333333333333335 13 12 2,3,1
368 41 3.3333333333333335 3.3333333333333335 3.3333333333333335 13 1 1
372 1157 3.3333333333333335 3.3333333333333335 3.3333333333333335 13 2 2
387 162 3.3333333333333335 3.3333333333333335 3.3333333333333335 12 5 4,0,4
427 105 3.3333333333333335 3.3333333333333335 3.3333333333333335 1 2 4,1
429 84 3.3333333333333335 3.3333333333333335 3.3333333333333335 7 1 3
445 149 3.3333333333333335 3.3333333333333335 3.3333333333333335 3 7 4,2,3
448 25 3.3333333333333335 3.3333333333333335 3.3333333333333335 13 11 1,4
469 26 3.3333333333333335 3.3333333333333335 3.3333333333333335 3 10 3,1,0
