30
0 747 3.3333333333333335 3.3333333333333335 3.3333333333333335 13 10 3,2
3 136 3.3333333333333335 3.3333333333333335 3.3333333333333335 12 7 2
14 157 3.3333333333333335 3.3333333333333335 3.3333333333333335 8 10 1
47 13 3.3333333333333335 3.3333333333333335 3.3333333333333335 3 0 2,0
50 86 3.3333333333333335 3.3333333333333335 3.3333333333333335 5 8 4,1,0
76 266 3.3333333333333335 3.3333333333333335 3.3333333333333335 1 7 0
78 336 3.3333333333333335 3.3333333333333335 3.3333333333333335 12 3 4,3
125 101 3.3333333333333335 3.3333333333333335 3.3333333333333335 0 8 2,1,0
128 129 3.3333333333333335 3.3333333333333335 3.3333333333333335 8 1 0,2,1
134 187 3.3333333333333335 3.3333333333333335 3.3333333333333335 5 1 3,2
134 331 3.3333333333333335 3.3333333333333335 3.3333333333333335 12 9 4,3,4
245 313 3.3333333333333335 3.3333333333333335 3.3333333333333335 12 8 4,2,4
261 288 3.3333333333333335 3.3333333333333335 3.3333333333333335 5 3 2,1,0
349 1062 3.3333333333333335 3.3333333333333335 3.3333333333333335 8 5 2
360 510 3.3333333333333335 3.3333333333333335 3.3333333333333335 1 7 3,1,3
380 683 3.3333333333333335 3.3333333333333335 3.3333333333333335 7 0 4,2
382 221 3.3333333333333335 3.3333333333333335 3.3333333333333335 13 5 2
397 501 3.3333333333333335 3.3333333333333335 3.3333333333333335 0 8 2
398 727 3.3333333333333335 3.3333333333333335 3.3333333333333335 1 0 3,0
420 1092 3.3333333333333335 3.3333333333333335 3.3333333333333335 1 9 2,3,0
442 120 3.3333333333333335 3.3333333333333335 3.3333333333333335 9 5 3
455 85 3.3333333333333335 3.3333333333333335 3.3333333333333335 1 13 1
462 723 3.3333333333333335 3.3333333333333335 3.3333333333333335 13 8 0,4,2
465 1994 3.3333333333333335 3.3333333333333335 3.3333333333333335 9 8 3,1,4
483 780 3.3333333333333335 3.3333333333333335 3.3333333333333335 3 1 2,3
551 418 3.3333333333333335 3.3333333333333335 3.3333333333333335 3 9 2
557 8 3.3333333333333335 3.3333333333333335 3.3333333333333335 5 13 3,2
577 175 3.3333333333333335 3.3333333333333335 3.3333333333333335 9 13 0,3
587 1308 3.3333333333333335 3.3333333333333335 3.3333333333333335 3 10 2
595 1277 3.3333333333333335 3.3333333333333335 3.3333333333333335 0 1 3,0,1
