30
0 745 3.3333333333333335 3.3333333333333335 3.3333333333333335 13 2 4
28 353 3.3333333333333335 3.3333333333333335 3.3333333333333335 4 3 3,4,3
30 324 3.3333333333333335 3.3333333333333335 3.3333333333333335 4 6 0,3,1
63 1894 3.3333333333333335 3.3333333333333335 3.3333333333333335 7 3 4,2,3
70 37 3.3333333333333335 3.3333333333333335 3.3333333333333335 10 7 2
90 212 3.3333333333333335 3.3333333333333335 3.3333333333333335 2 6 4,2,0
93 164 3.3333333333333335 3.3333333333333335 3.3333333333333335 11 2 2,1
95 783 3.3333333333333335 3.3333333333333335 3.3333333333333335 12 10 4,3
109 250 3.3333333333333335 3.3333333333333335 3.3333333333333335 9 2 4,2
119 90 3.3333333333333335 3.3333333333333335 3.3333333333333335 3 6 2,1,3
129 810 3.3333333333333335 3.3333333333333335 3.3333333333333335 4 6 1,0
171 415 3.3333333333333335 3.3333333333333335 3.3333333333333335 7 9 0,3,0
188 46 3.3333333333333335 3.3333333333333335 3.3333333333333335 12 10 0,3
190 879 3.3333333333333335 3.3333333333333335 3.3333333333333335 11 4 4,1
209 652 3.3333333333333335 3.3333333333333335 3.3333333333333335 13 3 3,1
215 3 3.3333333333333335 3.3333333333333335 3.3333333333333335 12 6 2
299 1014 3.3333333333333335 3.3333333333333335 3.3333333333333335 10 3 0,3
300 84 3.3333333333333335 3.3333333333333335 3.3333333333333335 12 11 2,4
307 21 3.3333333333333335 3.3333333333333335 3.3333333333333335 2 3 1
322 315 3.3333333333333335 3.3333333333333335 3.3333333333333335 13 2 2
330 1367 3.3333333333333335 3.3333333333333335 3.3333333333333335 10 2 1
374 389 3.3333333333333335 3.3333333333333335 3.3333333333333335 13 12 0
431 140 3.3333333333333335 3.3333333333333335 3.3333333333333335 6 4 3
450 461 3.3333333333333335 3.3333333333333335 3.3333333333333335 6 12 4,3,0
491 622 3.3333333333333335 3.3333333333333335 3.3333333333333335 10 9 1,0,2
495 1104 3.3333333333333335 3.3333333333333335 3.3333333333333335 10 3 4,2,3
545 67 3.3333333333333335 3.3333333333333335 3.3333333333333335 4 9 1,4,1
547 1350 3.3333333333333335 3.3333333333333335 3.3333333333333335 11 3 1
558 447 3.3333333333333335 3.3333333333333335 3.3333333333333335 13 2 2
575 173 3.3333333333333335 3.3333333333333335 3.3333333333333335 12 13 3,0
