30
0 728 3.3333333333333335 3.3333333333333335 3.3333333333333335 13 6 0,1
1 674 3.3333333333333335 3.3333333333333335 3.3333333333333335 3 6 1
11 796 3.3333333333333335 3.3333333333333335 3.3333333333333335 7 13 0,4,0
53 1161 3.3333333333333335 3.3333333333333335 3.3333333333333335 6 13 0,2,4
71 94 3.3333333333333335 3.3333333333333335 3.3333333333333335 9 0 2,4,2
93 366 3.3333333333333335 3.3333333333333335 3.3333333333333335 9 3 0
104 193 3.3333333333333335 3.3333333333333335 3.3333333333333335 0 9 4,2
110 2942 3.3333333333333335 3.3333333333333335 3.3333333333333335 2 6 1,3
118 513 3.3333333333333335 3.3333333333333335 3.3333333333333335 3 11 3,4
153 1802 3.3333333333333335 3.3333333333333335 3.3333333333333335 4 2 2,0
194 44 3.3333333333333335 3.3333333333333335 3.3333333333333335 6 3 0,3,1
202 53 3.3333333333333335 3.3333333333333335 3.3333333333333335 10 4 3
216 3268 3.3333333333333335 3.3333333333333335 3.3333333333333335 3 2 2,0
219 45 3.3333333333333335 3.3333333333333335 3.3333333333333335 3 9 4
223 371 3.3333333333333335 3.3333333333333335 3.3333333333333335 13 4 0
245 188 3.3333333333333335 3.3333333333333335 3.3333333333333335 10 13 4,1
280 295 3.3333333333333335 3.3333333333333335 3.3333333333333335 7 6 3,4
288 219 3.3333333333333335 3.3333333333333335 3.3333333333333335 9 6 3
294 205 3.3333333333333335 3.3333333333333335 3.3333333333333335 2 9 1,2,0
308 87 3.3333333333333335 3.3333333333333335 3.3333333333333335 4 11 3,4
333 239 3.3333333333333335 3.3333333333333335 3.3333333333333335 0 9 3,2
336 168 3.3333333333333335 3.3333333333333335 3.3333333333333335 11 10 0,1,2
374 543 3.3333333333333335 3.3333333333333335 3.3333333333333335 6 13 3,4,1
391 56 3.3333333333333335 3.3333333333333335 3.3333333333333335 0 6 4,2,1
393 103 3.3333333333333335 3.3333333333333335 3.3333333333333335 2 6 2,3,1
413 1624 3.3333333333333335 3.3333333333333335 3.3333333333333335 13 3 3,0
414 977 3.3333333333333335 3.3333333333333335 3.3333333333333335 4 2 4,0,4
418 262 3.3333333333333335 3.3333333333333335 3.3333333333333335 0 6 0,3,1
439 81 3.3333333333333335 3.3333333333333335 3.3333333333333335 6 3 0,2
444 1590 3.3333333333333335 3.3333333333333335 3.3333333333333335 2 4 2
