30
0 1993 3.3333333333333335 3.3333333333333335 3.3333333333333335 7 11 3,4
16 135 3.3333333333333335 3.3333333333333335 3.3333333333333335 4 12 3,1,2
31 15 3.3333333333333335 3.3333333333333335 3.3333333333333335 2 12 0,1
52 179 3.3333333333333335 3.3333333333333335 3.3333333333333335 6 3 3,1,3
56 611 3.3333333333333335 3.3333333333333335 3.3333333333333335 6 13 4,3
106 749 3.3333333333333335 3.3333333333333335 3.3333333333333335 10 2 4,2
137 715 3.3333333333333335 3.3333333333333335 3.3333333333333335 12 9 4,2,4
147 50 3.3333333333333335 3.3333333333333335 3.3333333333333335 6 2 0
168 92 3.3333333333333335 3.3333333333333335 3.3333333333333335 2 13 3,2
198 691 3.3333333333333335 3.3333333333333335 3.3333333333333335 4 9 2,0
201 152 3.3333333333333335 3.3333333333333335 3.3333333333333335 7 11 2,4,0
206 326 3.3333333333333335 3.3333333333333335 3.3333333333333335 4 12 2,4,2
233 400 3.3333333333333335 3.3333333333333335 3.3333333333333335 11 6 1,2
254 78 3.3333333333333335 3.3333333333333335 3.3333333333333335 9 13 4,1
269 805 3.3333333333333335 3.3333333333333335 3.3333333333333335 10 9 3,2
302 229 3.3333333333333335 3.3333333333333335 3.3333333333333335 4 13 2,3,2
306 338 3.3333333333333335 3.3333333333333335 3.3333333333333335 4 7 2,1,3
319 670 3.3333333333333335 3.3333333333333335 3.3333333333333335 4 10 3
371 262 3.3333333333333335 3.3333333333333335 3.3333333333333335 10 3 2
387 915 3.3333333333333335 3.3333333333333335 3.3333333333333335 13 4 4
389 96 3.3333333333333335 3.3333333333333335 3.3333333333333335 3 2 1,2,1
411 744 3.3333333333333335 3.3333333333333335 3.3333333333333335 10 6 0,2,4
458 175 3.3333333333333335 3.3333333333333335 3.3333333333333335 4 7 3,1
465 1601 3.3333333333333335 3.3333333333333335 3.3333333333333335 11 12 1
494 363 3.3333333333333335 3.3333333333333335 3.3333333333333335 10 6 2,1,0
499 517 3.3333333333333335 3.3333333333333335 3.3333333333333335 3 11 1,2
502 1134 3.3333333333333335 3.3333333333333335 3.3333333333333335 4 9 1
503 1502 3.3333333333333335 3.3333333333333335 3.3333333333333335 12 4 4,2
514 456 3.3333333333333335 3.3333333333333335 3.3333333333333335 2 9 1,3,1
538 975 3.3333333333333335 3.3333333333333335 3.3333333333333335 9 2 0,3
